10000 2084 4703
3806 6855
3977 6689
2545 4606
4609 7368
2995 7084
4367 1495
3236 4972
4064 4977
3374 4271
2876 6609
3687 3243
2560 2330
4002 3673
3163 7047
4490 4119
3366 4040
3094 3390
3720 6116
3828 3025
2352 1097
2918 962
3709 6446
3688 666
3789 459
2488 6200
4451 5357
3638 5692
4126 5772
3763 9762
3650 5890
3495 2265
3904 7933
2790 4402
3113 9292
2802 2929
3475 248
3770 3908
3791 7798
4235 7608
4149 1694
2886 2305
4020 4232
3002 1164
3118 7238
2453 2106
2879 5991
4298 9598
3551 8515
3193 9082
3595 7010
4543 6433
4523 4945
3787 142
3731 211
2177 2883
3853 2713
3621 2903
2340 5796
4310 4408
3763 9025
3687 1300
4015 5759
2573 7790
4344 3073
4517 6644
2858 434
4637 3874
2766 4501
2823 7039
3672 3865
3354 5108
4082 8516
3476 9559
2940 5257
3705 4519
2261 2814
4487 794
2366 9650
3613 9688
2123 6449
4213 1905
4450 4399
2519 4934
3782 7840
2995 5991
3513 228
3890 990
3865 1885
4169 7412
4219 2478
2452 7964
3283 9886
2224 9946
4212 6459
4198 4210
3609 7427
3004 9980
2490 7369
2943 1228
3048 8499
4599 9908
3269 6968
3635 8053
3079 9237
3628 6225
2296 6104
3032 5128
2578 2538
3031 2332
4418 3707
3854 5340
3568 779
3106 1329
2423 1016
2750 2837
2136 5794
4699 4661
2957 9616
4639 5960
4077 3474
3260 7045
3837 9097
3924 334
2140 3587
3559 527
2742 1644
3773 8084
3143 9985
4172 2626
3408 5713
2482 2020
3941 891
2396 503
3342 9795
3098 1459
2585 5852
3004 2623
4152 8689
3773 4101
3824 5169
2147 8440
3991 2819
3112 5591
2713 8348
3018 1562
4598 3601
2921 1358
2177 9323
2640 3733
3846 7386
3598 8354
3842 9622
3498 4496
3875 7324
2895 5100
4699 9381
2357 5202
3222 5043
3339 1265
4348 4271
2725 6172
3969 8128
2119 1546
4696 5741
3029 7914
4526 3
4264 4063
4634 3620
2311 3715
2398 111
2417 8388
4165 3441
3997 5032
2270 4760
4441 4079
2900 3997
3104 4309
2563 585
4588 798
2941 5111
4667 3565
2804 4299
2570 579
4395 9163
2219 3846
2092 161
3298 243
3286 9768
4051 119
4205 5696
2388 8283
2937 4081
4359 7582
3380 9454
2654 8206
4657 646
2446 8426
4259 2966
2243 2476
4233 8664
4558 2685
4470 9192
3428 474
4589 6463
2903 9811
2570 759
3655 6367
3487 9567
2483 4785
3403 3980
2998 4906
3920 1549
3801 2665
4544 6660
2474 3750
3966 2048
4562 2018
3841 935
4422 2526
2137 9087
2995 4826
2994 998
4560 5958
3840 2821
2891 3329
3322 5458
2657 3699
2425 9130
3600 5983
3037 6143
2153 4954
4432 8347
4171 9136
2268 659
3750 9667
3608 5963
4069 5150
2487 8292
4473 4465
4391 9435
4317 3152
3316 4894
3307 4529
2889 9203
3090 224
4049 4023
4060 7620
3209 4843
3905 9826
3865 6251
2499 3981
3652 1852
2897 9011
3499 5876
4657 6381
4698 3937
2302 4529
3563 2269
4328 4112
4221 4922
3758 9932
2288 6463
4500 2448
4578 4513
2926 4881
4458 8492
3015 7899
3864 271
2276 1327
2327 2220
4143 4746
2440 5440
2167 3545
2940 5008
2412 3248
2105 6073
4641 6113
3786 6318
3006 6094
3700 4354
4089 8980
4681 6061
3024 1773
4034 9972
2565 3221
3415 5667
2750 7635
3383 6228
4519 4643
2124 6337
4571 6454
3505 8447
2894 5579
2233 672
3232 3053
2507 1436
3640 6
4127 7043
3056 4969
4324 1737
3681 5738
4331 792
3651 3665
4096 8200
3446 9729
4100 4624
4685 6681
3912 4894
2752 1906
2492 9082
2782 3124
4176 2938
4200 198
4677 1043
3021 8080
4182 1184
2665 8204
3954 4459
3498 2890
2581 3713
2376 1728
3922 739
3891 110
3361 9947
2419 3911
4482 1297
2431 8907
3021 7090
4375 5630
4307 9126
4388 4835
2941 4457
3114 1367
4406 465
2241 8455
3465 8614
3121 8447
4238 2874
2879 2987
3668 2091
2258 2705
3408 1025
4636 6857
3893 7474
4043 8595
3650 2181
3622 7569
3054 1197
3410 2253
4535 8159
2261 2346
3372 2362
4203 2678
2492 5087
3798 5675
2308 9488
4515 2132
4108 9638
2288 2727
4413 623
3480 8350
3041 7244
3156 7396
3031 4030
3926 2735
2805 4393
4045 8489
2821 2885
3496 191
2650 1211
3860 3188
4657 4583
4542 2357
4640 4145
4223 1495
3080 8149
4545 5602
3840 1570
2976 40
3825 4339
2738 7162
4107 9337
2851 1798
2443 8870
3301 9384
4268 3146
2183 6987
2237 1241
2511 6838
3525 8663
2961 2266
2643 1502
2296 4983
2260 858
3007 2372
4410 3042
3328 8406
4478 3039
4641 4764
3150 2116
3344 1
2187 1681
4066 4246
3738 1679
2754 8558
3210 7466
4063 6553
2314 9413
4095 9496
3721 2434
4041 8148
4603 8706
2956 1692
2697 8316
2207 726
2257 5743
2646 5204
3336 2943
2322 9760
4599 785
2270 9021
3869 3620
2084 7026
4272 6379
3419 8692
3410 4588
4578 553
3241 556
3751 2461
4460 3422
3957 5441
2914 2354
2197 7848
3657 8954
2506 3480
2208 8770
2627 4198
4069 2651
3629 929
3941 3868
2187 1882
3374 5107
3729 7623
2864 7473
3725 8218
4148 335
2926 4644
3173 7915
3797 1393
2164 4230
3347 2608
3345 5894
4499 3801
3872 6922
2433 4419
2881 7783
3138 9889
2277 1540
3638 2134
2203 3439
4070 5170
2870 2479
3176 761
4037 98
2663 2239
3296 13
3373 7550
3020 5618
3229 6594
2263 7459
3605 4704
4679 7511
3247 2930
2852 8711
3693 498
2470 2818
2661 5090
3559 1893
4139 4181
2373 8313
4523 3289
4389 1517
3766 6398
2790 3928
2957 9001
4154 7746
3605 596
3792 8914
3939 3853
2238 9797
4557 8758
3743 4547
3523 1412
4240 1070
4269 672
2267 2490
3786 300
3803 3666
2580 8022
4355 1646
3446 1924
3053 3643
3465 1177
4438 5520
4130 9572
3065 7170
4488 3210
4027 625
3632 6559
4004 4503
4286 3415
3487 3070
3325 8906
2534 5940
3861 7292
4204 1569
2653 5348
4512 2054
2474 2987
3103 3850
3436 5007
3635 1352
3446 8240
3163 4607
4244 1123
2649 8143
3568 9862
3985 8510
3755 2683
2797 7138
2554 6039
4583 9409
3991 4852
3522 615
3230 9548
2222 9176
3947 977
2132 2269
2652 2878
3629 7234
3469 3360
2752 7497
2671 8678
2397 4955
3128 2636
4271 4750
4468 993
3216 2710
3989 1850
3648 737
3043 9735
3031 6293
2487 8062
3609 5375
4346 5609
4663 2161
2916 1107
4529 2653
2993 2381
4234 6414
2428 4496
2601 1827
4199 8973
3602 9945
3265 8663
2285 1810
3972 8211
4522 7914
3370 9876
3394 9104
3918 6723
4455 1824
2457 5210
2669 4188
3351 8626
4505 6602
2599 1144
3869 2179
2829 6079
2889 2467
2408 393
4133 2424
2912 1589
3175 123
3679 1307
2956 3523
2575 2302
2185 2735
3856 4434
4055 2499
3125 8331
4157 7325
2758 2166
3224 1239
3238 3851
4343 274
2881 4749
4326 5704
4123 6288
3280 3078
4661 4863
2644 4200
3293 1569
2276 869
4022 3747
4470 1570
3100 8154
3058 4543
2669 3123
3146 3515
3995 4855
2143 2417
2871 2681
2194 3554
3689 993
2412 3731
4606 9334
3936 2985
2794 3438
3515 5105
3945 5162
3599 4272
2261 4138
4112 3955
2392 2146
2141 5292
2557 1642
4301 4681
4639 2060
3236 9249
3851 883
3101 516
2995 5319
4520 9985
3891 8265
3597 4474
2456 2649
3201 6515
4450 2879
3432 6874
2300 1631
3199 8202
4546 2061
2524 8861
3969 425
2643 9503
2946 5045
2385 289
4207 8019
4191 7855
3172 539
4200 5025
3234 8447
2756 8653
4039 2136
3300 9821
2343 825
3859 2667
2694 8402
3419 9184
2445 2028
4185 6956
3319 6895
2239 9761
2671 8798
3768 6832
4148 4144
2931 1899
2689 6055
4266 1113
2318 347
2946 6461
3078 4788
3512 6957
4094 3012
3089 8176
3949 7532
2791 7421
3945 2860
4547 272
2683 3617
3571 2372
4337 2442
2481 672
4198 7673
3950 4852
2474 6978
4025 9685
2953 2930
3665 3838
2529 3531
2159 1108
3198 7333
2676 9978
2115 6124
2364 1396
4228 1045
4480 7584
4276 6029
2300 6497
4608 4844
4639 2815
2810 3340
4477 5543
3861 6618
4315 2804
4132 7690
4508 4688
2540 1865
3864 8905
3626 8463
2685 8491
3975 2710
4121 6700
2201 7814
3473 3401
4366 5329
2324 4617
2395 8838
3463 6671
4168 573
2978 5118
2934 5716
4517 2769
4617 2009
4229 273
2664 6171
4581 6173
4202 1133
4343 7523
2913 2702
3524 8238
3326 4809
4464 170
3096 9365
3219 9255
2203 7982
2550 7347
4666 6848
3337 4292
3669 596
4297 4855
4451 5633
3581 7694
4584 4415
3181 3449
2095 9183
3136 7142
2780 4188
4559 6888
4056 4705
3486 9731
3179 2789
3984 7545
2840 6975
3508 5180
2959 1568
4160 2567
4411 3846
3537 40
4108 8203
3823 9310
3858 983
4264 9313
2884 5133
3164 2988
2874 4839
4298 5331
3686 8265
4689 2702
2834 8774
2143 5122
3125 2344
3067 6743
4335 7607
3497 5703
3858 3634
3339 3109
4357 7032
2785 8837
3111 1648
3850 4461
3798 5427
3919 1694
2743 2396
2835 3076
2490 7427
2908 6223
4387 1102
3569 7533
3677 8098
4200 7121
4467 4543
2255 4494
4099 5410
3851 918
2906 6557
3359 1919
2456 381
2799 5468
3704 8394
4663 631
2673 8151
4266 860
2152 525
3065 4241
2502 5604
4376 7520
2847 1398
3949 4151
4433 1546
3233 2326
4173 4331
3096 9236
4159 3157
3070 6748
2921 8062
2845 8957
4110 3679
3786 6104
3052 3160
3446 9647
2838 1149
2400 5927
3943 9748
4313 740
3324 8911
2590 9663
2246 5184
4654 6796
3906 4005
3111 3125
2207 2837
2237 986
3672 9000
3682 12
4345 9194
2951 416
2969 6714
2189 3217
3183 869
2640 2447
3193 8733
3585 4986
3839 6194
2728 55
3433 1993
2804 945
4479 3906
2558 7714
3319 744
4390 3176
2382 9385
4559 4376
3275 7249
3326 1236
2778 3167
2217 5368
3331 8397
3827 6303
3189 5851
3212 628
3999 4236
4086 5691
3627 6075
2516 3662
2654 1105
4318 5986
2907 3578
3868 2550
3220 5974
4304 7474
2204 2814
4042 4555
3816 1205
2744 3114
4309 5216
2307 6321
4153 2597
4379 8149
3312 5284
3631 5207
2974 829
2961 229
2457 5923
3875 5149
2164 8729
4014 326
4063 4539
2417 5634
3111 8593
4411 319
2332 2134
4527 4166
4618 4887
3772 3126
2427 8352
2150 380
4538 3944
2872 2383
3073 7822
2442 2070
3132 5130
2644 1578
4673 4317
2137 1734
4035 4272
4559 1746
3991 394
4105 8878
4348 6314
2804 1995
2445 7249
2225 2423
3704 7972
3847 7179
2199 6255
4238 7005
4685 7868
3827 245
3205 891
3211 9147
3086 5056
4159 9417
3919 7892
3798 8780
4306 65
3236 766
4056 8559
3882 3240
4195 9027
4681 5496
4148 9123
3630 6417
3948 8851
3878 1608
4164 9157
3926 8107
2515 5234
3878 9747
2538 6134
2659 1544
3441 4743
3169 9150
3222 9640
2246 6751
2146 5968
3922 7971
4577 7025
3951 2742
3649 6100
3234 1874
3150 5404
4503 981
3585 2146
2919 5612
4410 9967
2219 1995
4395 526
4004 3393
4228 987
4669 8410
3921 4678
3256 8385
2099 9617
3646 7646
4029 1582
3785 8777
3415 6128
3049 8823
2460 8801
3702 1269
2616 8728
2251 74
4443 4664
2583 6357
2139 5
4138 617
2289 7933
4162 839
2125 5653
3086 930
4317 4155
4497 5719
4000 7572
2483 2156
3852 5001
2787 3726
2251 1375
3397 6263
4682 9494
2568 4831
3307 5249
2436 2793
2192 380
2126 7671
4038 8076
4375 9079
4697 1594
4210 6626
4530 8476
4408 4290
3254 3491
2471 6057
2851 8373
2391 5921
2647 7941
3041 7667
4323 5384
4014 1501
4332 2408
3357 3589
2862 703
4399 8480
3927 2924
4331 9209
3915 5846
3776 1320
3863 9619
3413 8556
3270 7043
4466 3383
3519 4879
4632 2973
2951 2278
2224 8176
2749 9121
4514 7007
4432 9883
2719 5764
4228 6134
3683 3460
3019 959
3030 5046
2481 2657
3951 121
2919 1490
3049 3195
3739 6188
3397 6351
4636 5843
4198 1
3101 3498
4481 7032
2796 577
3977 4390
2785 815
2376 8515
3003 381
4044 2233
3513 401
2712 2870
3100 5674
4436 2471
3548 5684
2642 7199
4011 6626
3509 9668
2270 4284
4192 7593
2193 9406
4637 1549
2627 7759
2352 6278
3683 4070
4221 666
3324 7143
3687 5267
2660 9006
4067 1146
2181 3028
2931 8903
3569 5784
3537 9706
3991 7444
3807 9553
2225 8054
3213 2561
3858 2090
3242 4367
2464 209
3465 8080
4330 6695
2218 8420
3730 3308
4587 6486
3300 9132
4183 606
3142 2262
2116 8026
2956 9395
3026 9551
2516 2228
2623 2482
4494 7267
2409 589
2426 5979
3040 3173
2824 1129
4502 2813
2671 4255
4158 5338
4299 6781
3457 8540
2679 8325
3810 1662
2617 3789
4642 9635
3527 8613
3914 9008
2704 3340
2263 8760
3143 7392
2346 5644
3256 779
2550 9162
3505 1799
3076 3423
2797 4941
2576 1675
3611 6645
3278 7636
3540 1904
2611 86
2845 9367
2712 7644
3688 8847
4623 9400
4398 8449
2808 4698
2218 611
3044 2416
3026 3220
3243 8180
3449 934
2751 6352
3815 963
4590 4253
4059 5619
4690 3851
3584 7674
2988 1174
2157 1406
4375 90
4616 313
3830 2213
2670 8308
3193 9242
4204 3711
3479 9871
2133 3731
2302 9133
4338 9759
4098 7188
4594 3283
3466 9398
2687 4990
3836 3430
4443 1393
4656 7947
2556 1159
2535 7984
3806 3728
2222 7649
4338 9181
3507 3749
4343 8223
4301 3269
3798 9603
4273 4395
2547 8233
4270 2630
2488 3549
3345 6046
2907 317
3361 1862
2847 5620
2977 7674
3185 2701
3269 5749
3696 6790
4562 1019
3749 5531
3906 2025
3110 2733
2521 2374
4039 8687
3642 6394
4524 8473
2223 2423
2429 8907
4576 316
3136 2164
4253 8477
3616 6916
4440 6865
4244 8469
3833 4210
2212 5011
2291 1626
3820 6474
3838 9803
4246 2509
3816 599
3409 8633
2775 2019
2527 4890
4313 6225
3045 863
3260 6946
4155 2193
3714 2902
4617 6496
3023 7063
4553 1666
4364 9303
2159 1657
3595 4168
3597 6796
3627 8021
3724 6821
4002 2849
3706 4445
4348 8604
4057 819
3378 7366
2974 7389
2351 6536
3008 5152
2866 2759
2881 7765
2427 4331
2266 226
2412 853
3426 7125
4505 3217
4096 1222
2529 3939
2854 3712
3339 2197
4605 1154
3014 9741
2556 5876
4044 2158
3949 4508
4115 7207
2259 5891
3916 1248
3039 8876
2440 5097
3381 3657
2678 4506
4295 1618
4537 3236
2185 5665
3547 2020
4601 8362
2239 9822
2822 2995
4187 6307
2087 9119
2622 8484
3059 6503
2930 7016
2406 735
3775 9717
2622 7031
2377 3170
4094 2337
3571 3376
2639 5935
4439 4245
2494 698
3586 7487
3525 8488
2408 2877
3558 5977
2501 8322
3786 1379
3775 7834
4324 9043
3696 3257
3719 675
3423 4625
2492 6506
4211 8057
2737 5493
3959 345
4033 1535
3975 8614
4138 9097
3470 5884
3975 9384
4280 4594
3537 996
2380 5383
3266 3119
4208 693
2865 899
2972 407
2326 6147
4050 3580
3137 9793
4197 8033
4143 4597
2124 922
2136 2712
3844 3689
4194 9828
3938 8929
3215 6473
2096 5269
3785 8528
3342 9242
3910 5706
4412 8125
3363 3889
2271 895
3419 5014
2150 2235
2517 9206
4477 6741
2208 5941
2115 1535
4027 8626
2988 6401
3809 5089
4004 9155
3834 7971
3844 7975
3596 4278
4501 1367
4688 2232
3136 6898
2490 9147
3680 4432
3256 9556
3634 628
4155 9229
4090 6745
4549 6061
4049 8132
2252 1066
2213 2710
2312 6575
3904 7570
3642 470
4471 833
3223 925
2854 4741
2575 7135
2180 2851
2909 683
4375 8328
3899 9709
4246 7701
3561 5516
4008 4532
3330 2743
2734 9303
4168 7840
2962 2457
3076 5382
3381 7013
3755 9584
2889 5457
4401 8961
3766 8425
2431 3677
4126 2434
2795 8942
2209 7019
3813 3534
3262 576
2353 4535
2094 7739
3261 3499
3506 4643
4466 5246
4419 1768
2367 7061
4170 9685
4030 9635
3362 8387
2530 5427
2531 982
2643 8524
2880 312
4224 5947
4012 4395
4666 8005
3322 2927
4129 4300
2349 4576
3266 9663
3448 1741
3952 6970
3526 629
2833 4611
3877 6539
3111 1344
3446 3993
4069 365
4650 1636
2373 847
2577 2090
2188 151
2686 6282
4319 4840
2571 9127
3478 7187
4171 1211
4385 1346
2228 4187
3951 180
3843 8915
3835 940
4170 2159
3491 9821
2947 6121
2965 5559
3409 9262
2473 6022
3540 8864
2750 2922
3442 5227
2899 5254
2873 756
4267 9301
3907 1241
4382 6664
4513 6789
4565 4126
2775 4453
2440 5858
2855 2395
2927 1167
4195 1993
3443 2589
3670 2462
4064 8913
4310 8816
4303 5685
3781 9771
2327 5264
4473 1418
3082 5183
2418 9684
4232 6283
3633 5664
3089 4326
2827 9278
4142 1363
4447 3180
3552 8371
2993 8688
2126 6491
4465 2268
2571 59
4096 9737
2825 7253
2897 2997
3122 6307
4188 8752
3936 2534
3760 9839
4040 1860
2143 7370
2928 3255
4426 1125
2200 4619
2503 2274
3165 7571
2424 8160
3142 572
4702 4362
3511 2585
2256 4624
4556 2206
3767 8669
2700 432
4601 3517
3587 2768
2898 9478
2849 9152
4083 1263
3088 1093
3389 9420
2748 7877
4133 4347
2354 9550
2443 4240
3621 3420
4211 5167
2191 8486
2503 1851
4587 7467
3075 8952
4112 7393
4335 7771
2931 1533
3964 2795
4702 4376
3944 1241
2352 4639
2591 8165
2184 5750
2277 4032
3793 1758
2909 1644
4502 9806
3017 5518
2909 7962
2248 3507
2258 1381
4590 6312
3790 9603
2290 7667
3771 7675
3089 2966
3498 6995
4360 5819
3823 3532
3487 9959
3729 7999
4133 2332
3244 18
4535 2583
2606 9637
2684 9886
2617 4000
4142 6443
2965 4286
2547 1357
2488 3755
2813 3383
3805 7791
3031 1601
3108 4473
3558 4642
4159 4586
3035 3032
2861 5722
2146 4649
3378 91
3828 850
2156 6304
2402 7104
4516 9322
4342 9005
2464 179
4016 817
3216 5684
3962 8566
2852 475
3559 1597
3658 127
2279 4398
4340 6164
4388 429
4581 4750
2150 9753
2144 3201
4497 8183
2834 5528
2328 4466
2632 1044
3596 2652
4648 9426
2204 3475
2519 5245
3459 4425
2214 6503
4360 5361
3897 5657
3872 3848
4691 8156
3585 8860
3688 488
2350 882
2310 7540
3766 9946
3319 4914
3360 9209
4180 692
2361 5996
3562 5372
2573 4824
4061 2960
3729 6707
2625 5340
3594 5848
3375 9148
4170 4501
2216 3227
2419 3202
2745 5446
2574 2128
3131 180
4208 6256
3873 8459
2829 1251
2936 5449
3417 2032
3696 5886
2650 7433
3956 1250
3720 2904
4568 8637
3355 3387
3867 9872
3049 2716
2779 8273
4008 3787
3549 6195
3708 903
2473 2763
3780 1588
2788 1818
3739 1044
3015 555
3130 7633
2197 5731
4369 1015
2917 2253
3046 2811
2944 2167
3772 5352
4664 9901
3120 5036
2875 8579
2804 7621
2694 8221
3555 1844
2173 4355
2948 4982
3094 444
3396 5122
2550 7309
2206 2737
4293 3103
2552 6740
3206 2324
2413 9170
3856 7684
3110 2556
3575 648
2626 4835
4249 1021
2439 9045
2187 5328
2821 2711
3918 4078
3905 3309
2764 6950
3386 6246
2878 9259
2393 7349
2333 2526
2146 6590
4099 7302
4287 6704
2170 6616
3407 9246
2902 3785
3662 9095
4312 1899
2782 4992
2490 8485
2709 9101
2805 4861
4088 8601
2086 2174
2316 7547
3877 9473
4312 8354
4164 945
3932 9540
4032 9713
3927 7226
3244 7080
3460 5240
2946 24
3958 6878
2426 5607
2551 430
2396 6593
3158 1164
4333 7300
4086 1175
3634 5990
2576 5786
2514 7336
2651 932
4271 4793
3974 6578
4495 8416
4211 6116
2418 2884
2281 9805
4221 883
4334 3875
3089 2397
3717 7691
2364 5927
2876 9832
2535 8934
3625 4686
2916 5185
3131 2160
3054 6658
4252 3903
2265 1904
2354 3513
3412 9444
3128 1111
2970 7131
2366 9426
2193 4809
2306 1470
3917 5285
2234 7551
3027 2886
3883 7741
3179 1483
2771 2996
3762 1986
3287 4992
3028 8747
4388 9908
3619 1070
3105 8248
4430 9639
3696 694
2099 1800
2521 3798
4524 3081
2736 6281
3619 1060
3399 2319
3273 8436
4620 3478
4674 9080
2218 7972
3590 3809
3687 3456
4623 6111
4108 212
4427 1070
2173 3040
2370 7432
2206 3429
2123 7300
4532 6766
3476 4616
4227 2354
3015 7439
4143 7790
3817 3585
4204 3723
4622 3278
2133 9050
2782 4583
4675 3237
3875 59
4420 2672
2992 1218
3302 5709
2511 708
2351 3401
2795 2351
2501 3613
2661 6895
4639 8262
3896 5685
3803 8530
2880 6093
2275 9195
4693 3515
4429 4196
3946 6602
3872 5073
4006 5866
3975 8990
4034 5127
3013 76
3396 4158
4691 9658
2898 2600
2541 3118
3843 1816
2300 8583
4304 8406
3750 4568
3558 7247
4205 6490
4574 2212
4036 3294
3391 6402
3542 9176
4337 9572
3297 457
3038 8304
4626 529
2240 2113
2972 6764
2489 6617
4442 4125
3276 7901
4036 8776
4244 4708
2736 9171
3936 5679
4155 5657
4218 4676
4424 9475
2487 4135
2189 8351
3816 8403
2424 4370
2227 2899
3411 6859
3838 6068
3824 573
2640 8053
2947 9609
4694 4307
4421 2476
3020 424
2911 905
3062 2357
2104 2536
3806 9191
3906 6699
2646 9529
2853 1620
2298 8898
3631 9923
4400 7506
3223 7164
4458 7847
2459 7738
2507 7867
4083 4825
2841 2094
4203 1011
3101 4747
2989 7178
4667 2213
3116 8890
3243 4278
4389 8773
3681 4965
4637 8722
4142 427
2770 7313
3555 8235
3121 2381
3145 3413
2849 6565
3891 1262
3641 5005
2120 9828
2709 3747
2482 4367
2168 217
4525 374
3204 2757
3073 2251
4529 1404
2985 5089
4490 1419
4600 9394
2269 1876
3696 4383
4622 2906
4056 4061
2537 3425
4700 989
3656 692
3418 9658
2435 9094
3395 6774
2352 5266
3264 4377
2867 4517
2539 7620
4661 2174
3230 4756
3473 1610
2329 2422
4530 5102
4145 1278
3820 7276
2360 6329
4506 5189
3050 7542
4249 3848
2201 6785
3901 8646
3214 10000
3398 5245
3235 4328
3311 2469
3663 304
4669 1235
3647 1746
4173 3993
4097 9294
3880 6863
3710 5777
2679 9983
2913 3603
4080 3586
2830 5172
3803 3458
2675 7715
2380 970
3933 9118
3379 4355
4039 9968
4152 7388
2540 4249
3307 7091
3042 3008
2214 3154
3192 5136
2116 4923
2547 7145
3867 2605
3741 6904
2739 4341
2995 9052
2183 5453
2354 3131
3097 2909
4131 4233
2787 2059
3627 6219
2530 5780
3512 9282
4281 2198
2922 1620
3489 4353
2764 8294
3095 3651
3532 8496
3903 5564
3558 9439
2555 3406
2417 4408
2858 9979
2880 413
3962 4136
3597 4030
2439 4624
3972 4183
4178 1841
4185 1162
3987 8410
2778 2050
2883 7019
4286 3592
4321 2061
2784 4070
3950 9037
3688 2916
4037 7000
4615 1547
2134 8981
2477 8415
2433 4025
2745 1333
2867 9866
2164 1954
4014 207
2700 7218
3333 972
3412 9926
2787 2796
3522 499
3311 9652
3987 7260
2362 1400
2221 7254
2254 1921
4188 8640
3203 8605
2698 4735
4469 9068
4316 4280
2942 8487
3590 1905
2096 8910
4641 6959
2719 7856
2324 5012
4668 1721
2667 3746
4231 775
3104 1207
2543 3143
3077 1106
2548 8321
4398 2590
4286 6849
3742 3119
4179 5251
3734 1186
2241 5221
2564 8149
2794 8819
3343 4148
2983 6314
2254 5987
3694 5718
3019 7990
4619 4546
4572 7896
2753 3619
2267 6181
3955 8876
4286 1373
3191 4850
3445 2134
2978 3272
4236 7574
3904 7224
2304 6642
3527 5370
2417 1489
2591 3406
3694 151
3870 5578
4591 6731
3259 7156
4108 6900
2730 4952
3117 2338
2138 1106
4439 2670
2866 1543
3562 8662
2662 4389
4453 8340
4633 7215
3305 2923
3001 7765
3235 4129
4598 2717
4102 1384
2995 3273
3519 3084
2532 5518
4042 4155
3062 3337
2715 1524
3168 1084
3876 9399
2490 8173
4524 8058
3170 2031
2238 1850
3634 2990
3031 637
4006 2963
2315 7464
3406 7168
2644 7200
4376 8793
4524 6349
2451 9474
3999 1333
2721 6254
2451 6151
2868 6844
2423 813
2150 6351
4149 4542
4323 5516
2514 6445
4341 8149
2800 8809
2375 1762
2097 9134
3829 2382
3559 3471
2418 4924
3817 7988
3414 5497
3921 9992
2673 8734
3193 5395
2444 323
3381 8573
2664 7200
3293 743
4342 7685
4490 4345
4558 7641
3886 7179
3694 9522
4273 291
3674 2351
3689 9448
3347 9524
4443 7807
3440 7793
2566 355
2625 8927
2747 2738
4193 5129
3159 2370
3974 924
2183 311
2659 7787
2516 8559
3179 3788
2811 2254
4418 8169
4233 889
4681 9437
2166 185
3430 8259
3331 2612
4079 31
2935 205
3741 2646
3696 5417
2217 9407
2301 256
2423 557
4599 9203
2901 9506
2261 5354
3249 2280
4394 4389
3467 2138
3420 7073
4088 1377
4306 4653
2103 1390
3268 3672
4262 854
2530 8483
4405 5624
3912 6523
2697 6830
4368 2101
3252 7277
3598 8650
2454 720
4366 3144
4056 1334
2462 2734
2296 5480
3538 85
3407 6998
2569 6835
4343 8929
3806 848
3448 2000
3730 1877
3572 6407
4214 3749
3465 5849
2360 124
4544 4623
4037 2702
2918 3451
3864 9422
2780 7202
4490 4670
3926 1979
2825 7883
3395 3225
3133 5916
3063 9481
3960 9905
4572 4072
3786 7368
4218 393
3578 1300
2368 8783
4157 7780
2137 1385
2429 9510
4498 216
4482 2897
2980 1831
4394 7671
2196 8619
2858 6640
3826 3771
3912 4099
4149 6355
4538 8678
4452 8587
2264 1108
3765 6385
2574 297
3501 6012
3537 8501
4547 4493
3013 220
3260 5019
4328 5090
3148 1144
2952 7205
3619 6478
3096 4120
2145 4763
2342 6283
3130 9754
3312 6830
2613 2857
4659 1659
2159 8235
4591 4417
3624 2056
4203 4525
3182 1994
3608 2279
3403 7753
3586 7558
3777 1079
3543 7225
4345 7542
2554 8229
4035 6654
2284 7360
4542 166
3972 7268
2647 6064
3691 9874
3628 9282
3644 4956
4094 3257
3038 8229
3763 5815
4256 7191
3796 7086
2213 7344
4229 246
2952 5851
3413 7771
2938 1415
4619 5700
2783 9593
2697 9482
3177 1207
2770 7187
4423 1854
4522 3132
2855 5422
3478 7092
4189 3645
3532 6725
2901 519
3160 1848
2158 4274
2489 886
4439 7640
2930 7597
3239 4716
2418 1932
3119 2603
2516 2053
2385 7893
2188 3295
3217 8893
3012 6202
4126 204
4132 8311
3981 3421
3163 4109
2451 6252
2280 4424
4643 4244
2324 7312
2907 3171
3890 4694
3955 1561
3336 2734
2634 696
2332 3940
3445 4322
4128 9023
4502 7536
3972 6606
2146 5172
4644 8923
3787 1052
2138 5994
2148 3447
4401 2720
3272 6987
2278 4093
4425 8302
2948 7485
2660 5000
3909 8504
3760 77
3047 642
4072 3974
4026 7208
2794 6846
3545 7663
3600 8461
3020 6149
2286 6556
2152 9980
4477 4986
3286 9140
4143 6100
4608 3097
4517 5451
3031 2730
3785 8695
3287 1884
3453 5394
4316 8623
3761 8408
3803 8290
2273 5505
2310 114
3490 3949
3264 2341
4603 4303
2946 69
4460 3497
3554 8212
4517 1322
3682 3718
2560 3158
3614 3490
2728 7476
3576 999
2513 1484
2764 338
3389 842
4264 5563
3376 2999
2572 3974
2632 3306
4612 3865
3100 7570
3148 4616
2810 5867
3465 7319
2944 9380
3515 4812
2931 5330
2490 2938
4208 8732
3657 6986
3554 1811
4021 6276
3207 8727
3491 7779
4260 5028
3807 5714
3157 6320
2422 622
3806 3345
3104 2467
4150 5452
2167 2405
2648 1969
3005 1200
2515 9412
4525 7184
2804 6443
2675 5656
2476 2325
3950 7686
3268 3274
4357 9993
3969 9133
3515 6884
4555 8104
4485 6788
3209 3362
2402 4330
3764 4795
2657 582
4598 7293
3372 484
2484 5647
2959 3153
4255 8931
2901 820
2330 7529
4205 6163
3843 6282
3122 1224
3238 8945
4069 1645
4194 7968
2092 5163
3772 4062
2984 4007
4117 117
3414 7161
2657 8290
4156 4314
3229 7034
2487 5232
3093 7402
4267 4576
3443 8176
2548 6274
4325 1917
2401 1986
2891 5133
3222 4604
4060 7328
3354 7226
4399 269
3491 1505
4145 5656
3254 6770
2550 2788
4631 2713
3639 171
2730 7348
3078 5561
3418 9967
3829 8139
2360 6403
4543 8651
3740 5928
4171 8102
3712 7634
3449 3222
2124 198
2275 9913
4026 62
2589 5336
2830 2676
2672 6109
4420 5970
4305 2691
2269 3842
4182 3409
2686 8951
3142 7842
2162 6362
3048 9810
3635 9619
3455 7631
3706 5559
2374 707
3758 2222
3121 966
3191 3880
3143 6422
3394 7632
3556 5053
4238 6400
3732 3256
3647 1541
2280 8676
3256 7649
4423 6882
4016 3517
4422 1844
3215 7304
2965 8650
3100 5446
3731 2800
3735 611
3416 3931
2223 9695
2876 621
4235 6812
2575 4433
2352 5037
3193 127
3784 6308
2972 9679
2949 3996
4363 8104
3457 548
3686 4659
3359 6593
3206 7094
3827 2462
4679 2895
2577 3163
2448 2978
3295 5076
2681 3360
2625 2016
3837 5675
2894 6700
2756 8356
3292 7428
4121 4432
4102 9606
2638 2199
2197 9842
4032 9124
3950 9171
2274 6161
2617 8866
4296 3389
3913 5830
3244 8537
3569 1267
2982 8277
3916 262
2195 5765
2135 276
3755 4213
3990 9719
4701 4781
3172 2560
3569 4397
4574 8125
2776 7157
4692 5656
2609 7547
4620 9023
2418 945
3287 6791
3287 8547
2117 9830
4296 6964
2459 1963
4618 4349
4639 3626
4526 2539
3337 4034
4015 4988
3552 1040
4348 3271
2641 9895
3341 5495
3015 9760
2272 6738
2436 2361
4228 3688
3374 702
4498 7140
4609 2558
2307 1881
3099 1869
3822 6535
3991 9062
4589 9141
4527 6212
4640 4398
3181 8590
4572 2253
4433 393
2112 7225
2650 6409
2504 9591
2323 7447
4151 6612
3280 2104
3177 8876
3982 8001
2148 1088
2271 3557
3561 2792
2779 3089
3194 4837
3712 3714
4276 2235
3238 7349
3782 7255
2340 6736
2869 9611
4398 9794
3385 1780
2848 6582
4453 478
3582 8770
2842 4754
3804 7233
2640 3108
3729 4627
2668 3078
2244 3552
4037 6883
4616 6497
3565 6257
3761 2414
4524 1317
3190 7839
2147 8239
3883 6394
4520 618
2324 9433
4178 9325
4041 7325
3498 9784
4309 2379
4182 6582
2182 9762
3039 3779
4290 175
3555 3488
4395 5985
3308 8734
4021 7742
4047 4772
2156 431
3745 3239
4066 5575
3461 5405
3137 8243
4590 4283
3585 1938
4453 8405
2626 974
2993 1282
3529 5259
3846 5535
2556 4170
2881 4484
4073 9480
3127 2382
2319 7549
3587 5748
2754 2054
4468 8603
4577 36
2396 8241
3556 1504
3336 4707
2985 3761
3099 5689
3364 7597
4118 1230
2744 7337
2913 7309
3807 9662
4561 8444
2097 27
3318 484
3041 1356
3684 952
2740 4586
4616 2260
2136 7156
2282 398
3961 5879
3304 7583
2178 1827
2501 7343
3722 2388
3881 5889
3209 6096
4469 2672
4018 1681
4616 4326
3288 6878
3005 4453
2164 6612
3749 5264
3103 3705
2626 9190
3679 5327
2144 3324
3333 8208
4338 2618
2847 1862
4559 1581
3737 8111
3272 5461
4699 1883
4253 1163
3622 8220
2673 1016
3548 1992
2592 237
3802 5512
2239 2050
2170 1887
3450 8825
2750 7401
2856 9916
4010 9131
2141 1345
4663 5149
3245 2680
2834 2248
2420 3481
4447 8914
3464 5928
4363 3157
3969 2211
3450 6727
4345 5752
4549 550
3258 5704
4496 1216
4446 3158
2706 1928
3664 9247
3453 9490
3684 2198
4155 9624
2852 5233
4038 8314
2473 3408
2566 2049
2440 9842
2591 8223
4421 7478
3445 9083
3048 2027
3132 9643
3494 1084
4025 5535
2846 1617
4276 476
3064 1820
3722 4716
3232 474
3624 5098
3714 890
2709 6421
2950 6423
4289 2083
3847 5676
4023 3071
2598 1669
4340 6257
3268 1583
2350 2339
2368 589
3705 7305
2869 7615
4001 6790
2484 2469
2187 4628
3629 4180
4124 2287
2934 9947
2148 4414
3367 4546
2219 3081
4502 2874
4601 7986
4523 1021
3192 1612
4263 9421
3698 8693
3665 8668
3710 5787
3012 238
3482 6323
3087 1484
2426 7099
4046 3841
3995 6568
3882 6717
2327 5203
3067 4037
4650 4158
4022 9915
2191 5195
2709 7651
3614 5162
2288 116
4287 1387
2992 8999
4053 83
2814 7908
3533 951
2297 6194
4369 4026
4403 3894
3590 1643
4382 368
3260 8679
3428 8864
3757 8449
4482 4381
2383 3409
3615 8688
4188 5105
2925 4293
3296 6301
4625 3565
3699 1487
2473 6826
3887 4115
3888 1222
3973 9932
3954 6291
4499 859
3467 3925
2928 9550
4564 9567
4198 3583
4567 8807
4405 9886
4603 4385
3480 6118
3357 3844
2892 8590
3007 6190
3638 2218
4573 5859
2513 8168
2672 2869
2089 3626
2944 9219
4528 7811
3997 2454
4595 5973
2740 246
2265 6664
3562 7245
3205 849
3259 7936
3835 9253
2092 691
4201 2908
3322 6987
4330 39
4266 1906
4476 6983
2190 6267
2727 7507
4200 2808
2098 6819
3103 5548
2190 2813
3878 9430
2977 8175
3152 5682
3306 5964
2225 1909
4514 8416
4479 4908
3900 6294
4000 7564
3298 1131
2863 483
3314 7471
4092 2080
3288 3240
3067 1153
2908 996
2923 5872
4595 5806
3530 2921
4451 7771
4090 2332
3193 4166
2402 2502
3827 2098
4530 3714
2330 8420
4168 5016
3900 423
2546 8576
3797 744
3165 4267
4585 3236
3916 1802
2618 1945
2842 7456
2918 3393
2949 55
2355 2462
3175 8321
3669 46
2628 8619
2983 82
2964 6119
3046 1359
2201 9739
4253 9394
3631 3146
2586 655
4080 4814
3416 583
3101 2097
2735 9186
3531 9001
4171 4951
4585 4676
2260 1564
3170 7930
3716 2359
2209 7078
2636 3706
3988 6708
3240 9473
3892 8610
3936 5253
4004 4917
2283 4208
4682 9641
3385 3650
2985 5651
3926 6447
2772 1030
3379 442
3018 2082
3384 5901
3052 7271
2935 7322
4045 2068
4159 378
3876 5598
3583 4601
3189 6042
3688 9499
4571 187
4012 5890
2212 9991
3215 5133
4331 5945
2483 140
3568 330
4017 4081
4423 8940
3109 6444
4581 1464
4640 6980
4109 4181
4254 6528
3954 4258
3534 4557
3155 8658
2199 5510
4383 8064
2267 7806
3724 3525
2283 4483
2975 362
2887 3598
3434 7875
2335 9072
4162 2482
2959 1617
2766 8145
4076 1488
3676 9472
3034 6680
2384 8752
3666 7630
2598 8653
3416 749
3497 8813
3323 9149
3556 80
4656 5745
3765 6870
4692 3288
3787 4664
3659 4169
4032 6881
3604 1692
4034 3406
3688 7340
2201 6307
4167 4201
2602 1453
4340 7837
3143 3653
3457 7541
2942 8087
3294 3100
3563 6666
3609 5597
2146 3510
3542 3292
4065 3416
2664 9582
2451 994
3953 5367
2502 7540
2259 9443
4507 6565
4610 9168
2413 7399
3929 4373
4301 1441
3026 347
3541 2531
4426 2952
3682 975
4682 4922
3322 2775
2849 5335
3951 1519
3160 3308
2233 8658
3265 1760
2692 6751
3535 3248
3295 9409
2667 8175
2838 9625
3350 6620
3928 4873
3219 6345
4116 9814
2494 330
3656 6988
2920 4263
2468 2812
4621 9850
3116 3285
3030 3856
2869 8597
2484 7385
3394 2707
3119 4152
3680 6837
4173 1020
2203 5873
2404 9437
3450 9613
3262 9718
2956 5204
3554 8494
2999 3313
4208 6798
4263 5376
2723 6058
4508 7935
4180 1634
2445 4753
2879 4382
3509 9547
2389 7444
2390 7276
2262 7294
2928 5475
3492 5418
3581 1340
4060 7429
4387 9938
3750 3589
3193 5097
2370 7844
2633 7317
3166 2674
2488 826
2771 5877
4302 5038
4687 1632
2296 9231
4702 2927
4401 1945
2636 968
4570 4676
4433 1645
3894 3155
4383 8393
3509 6064
2604 3841
4458 6273
4378 3874
4427 5288
2877 3462
3616 7130
4549 6783
3251 1029
4401 3346
4338 4718
3416 5320
3939 2517
2539 8376
3736 7900
3265 3486
3976 6662
4245 1226
2882 1619
3002 7260
2699 1939
2344 760
4012 6975
3537 8863
4263 515
2828 167
3739 1858
4185 620
3622 3266
2752 7437
2472 8464
3806 7606
4595 7908
4189 3746
4552 5221
3703 755
4677 9588
3145 3297
2647 7082
4576 2221
3688 2940
2143 4007
4374 7713
4401 2134
3609 4521
4387 2441
4697 1925
2992 2027
2896 1558
2566 42
2960 4335
3931 9543
2333 6352
2391 2452
2490 5745
2500 6086
3216 2791
3483 4745
3256 7012
3050 6850
3895 3163
3050 1959
3783 1283
3523 7761
2801 9267
3750 394
3556 9045
3120 7559
3966 2750
3158 4561
2738 5258
2893 434
4142 982
3239 2318
4566 3740
3289 1136
3320 5069
3487 2140
3231 3521
4116 7266
3887 2949
2385 2772
3035 5685
4408 727
3164 6794
4415 1179
4595 1830
2218 3570
3938 626
2265 347
2664 3316
3849 398
3155 166
2489 8772
4091 9561
4437 2097
3813 1791
2953 5331
4168 8574
3014 9222
3749 3341
3211 9013
3252 3154
4554 1408
2207 9009
4246 182
2554 5192
4065 7350
3812 2763
2432 5876
4563 272
2607 6896
3284 8688
3729 5604
3326 2814
3274 4125
3922 6875
3556 2954
4451 6907
3742 2454
3170 2155
4520 3654
2507 361
2950 8087
2372 3421
3096 6267
2117 4023
3160 7169
2817 7122
3300 9121
3898 7502
3267 7225
4345 4432
2680 6499
4305 4921
2115 7519
3782 7578
4221 7463
4686 1088
4461 1053
2821 5022
3236 8189
3103 6901
2278 7893
2196 9168
2344 1967
3455 9134
3297 896
3156 1550
4683 6838
2751 6912
3705 2904
4572 2107
2516 9544
4138 7218
3046 5444
4239 8037
2466 2887
3036 5860
2896 7198
3732 5591
3490 8233
3176 414
3899 8175
4478 2185
3285 5197
2858 336
3049 9660
2911 5166
2953 9758
4647 9801
2127 4523
4408 6245
2274 3956
2295 4127
3610 7809
2912 4405
3573 1441
3189 2208
4286 5138
4287 2574
3941 6917
2412 7295
3927 7091
3328 2382
3175 8954
3563 7295
3203 2695
3225 9327
2910 7082
2148 5890
4592 1764
3063 2499
3269 1888
2131 2498
3619 4901
2646 9499
3654 9878
2452 7811
3647 6984
2512 9182
4452 1603
2188 2347
2654 9023
3932 5123
3713 3374
2739 2112
3504 79
3415 5284
2663 4902
3755 7012
3224 1800
3377 1862
2761 700
3011 4224
3636 7772
4281 6005
3659 9372
2764 2648
3183 9832
3512 1377
2664 3967
2288 2725
3311 5368
3316 3524
3098 4018
2907 4904
2344 2141
2842 275
3233 9557
4345 3319
3998 7810
2696 7873
2778 6917
3720 1282
3974 8117
2317 4686
3172 6159
4284 5314
2678 165
2693 9808
3206 2551
3153 6542
4411 2181
3213 9031
2702 677
2266 3291
4012 3525
2906 2378
3834 7103
3006 4277
4535 4149
2733 1548
2537 3759
3781 3485
3051 6988
2233 4044
3250 4402
3036 6428
3399 3737
2722 6398
2169 3445
4067 678
2593 9431
3672 7317
4626 399
4490 1834
2927 4253
2102 3074
4086 2851
4588 8858
2181 594
3265 4738
4569 3442
4259 1931
3440 8886
2395 6214
3997 8633
3551 7553
3857 6167
3569 8446
4447 3702
4114 402
3183 1938
2741 8533
4601 6711
2856 2764
3058 294
3507 5156
2608 37
3082 4594
4434 1700
4024 8995
4470 439
3869 7583
2756 8897
3384 6128
2920 9316
3898 1755
2156 228
3294 5833
4465 9205
3443 3296
3868 5400
3677 6023
2744 5377
4378 5000
4269 8298
4024 8288
4462 796
2963 273
2968 3233
3819 5267
3519 9265
2433 5417
2894 3660
2960 6962
4017 6027
3871 9119
3267 1540
2573 5124
4271 2547
2106 4525
4220 9295
3907 8058
2906 4320
3443 1663
3839 3669
2819 2491
2710 3796
3832 7052
3655 3909
3995 1887
3548 5722
4333 5847
2645 5917
4117 4163
2343 6200
3947 3249
2202 3121
3320 1758
2856 499
4273 4045
2580 1207
3385 7487
3108 1017
2856 3992
4279 8389
2652 8608
4124 3981
4203 6484
2577 1905
2727 8353
3633 2147
4033 9319
3870 9559
4288 8131
2260 3458
2550 4968
2517 4005
4088 8384
4209 8890
4304 3227
4550 9527
4613 9908
3093 173
3548 1899
3488 2571
4193 8616
3505 100
3058 1464
3555 5869
2510 2758
4403 6417
2649 6467
3729 5447
3158 1976
3152 1214
3766 1357
4089 6780
4515 992
3782 5287
2273 9437
2522 5032
2180 1763
4105 3401
2516 2057
2209 2066
4659 7549
4245 3235
4667 5270
4433 951
3234 6229
3022 4640
3271 5466
3129 6114
3631 5716
2871 2466
3200 2319
4161 3679
3406 4188
2579 2616
3113 7671
2309 39
2537 4835
3981 6539
3105 5954
2404 3249
2794 9935
3239 5839
2437 8973
3375 9901
2487 5107
3553 1370
4594 9197
2436 6676
3661 5898
2207 1413
3069 3295
4349 2163
2287 7249
2210 2879
2896 5891
2199 837
3460 6337
2647 303
4653 5259
2685 5011
4637 1838
3960 800
2706 1550
3633 9914
3243 9589
2868 2531
4197 1250
2286 5604
3228 4127
3622 2760
4544 6857
3065 6291
4634 7540
3703 3529
3027 3762
3591 5573
2310 1485
3991 1433
3696 6836
2256 3922
2893 9494
2584 546
3967 3660
3453 8938
3345 8193
2821 6477
3200 1142
4078 3084
4091 8783
2891 1549
4406 2557
4508 5925
2372 8657
4629 9041
3283 9240
2313 9452
3839 7339
2123 3037
3794 2555
2212 6030
4533 526
2839 9735
3889 3594
3226 9936
4061 4482
2900 3607
4520 9194
3054 5737
3288 8174
3030 7816
4075 4279
3268 3088
4464 9474
3893 3096
2377 6433
3009 433
3469 1315
4214 2871
3481 8389
3425 527
3969 7612
3582 1184
4634 5416
2716 8128
4012 7602
2424 5170
2615 287
2572 7775
3649 5529
4277 797
4652 9586
4273 8055
3133 135
2701 813
2768 5564
3605 722
3510 3515
4160 8833
3996 3960
3165 8214
2235 3836
3412 2331
4581 5513
4066 2410
2789 8321
2880 6214
3560 6974
2371 5631
3480 4033
2897 803
3439 1551
3958 3815
3868 9644
4631 818
2938 1711
4621 3695
2568 7128
4547 8955
3162 3234
2590 4698
2377 939
3396 3095
2350 7977
2208 5646
2697 3816
2127 1636
3351 2735
3840 1105
2503 214
2756 1314
2101 9482
2768 7120
2183 6253
4091 1051
3723 2292
4656 4923
2280 1364
2687 6208
2988 1771
2999 9755
3267 1234
4505 136
3377 7319
4360 831
3805 9208
3512 4502
3749 6761
3438 8667
2631 5480
3166 694
3846 2063
3056 6438
4235 4918
4340 2895
3199 1272
3811 7105
4670 1555
3538 1516
2603 1047
4121 8594
3565 3345
3864 5784
4249 3507
3430 7284
2488 8370
3189 5237
3432 4964
4344 3748
4526 2195
2487 2647
4057 2284
3835 8791
2521 3447
3770 6393
4478 3267
4451 7175
2352 1154
4277 9435
4649 5860
3442 8096
2911 5995
2786 7045
2548 414
3527 2870
3197 4559
4379 1333
4262 4032
2370 9151
3295 4968
3262 5515
3660 2100
3295 4497
4666 892
3499 9725
3700 6125
3366 1256
3000 1583
3587 4571
2786 9800
3526 4886
4550 1129
3063 8467
3544 8918
2253 710
3174 7082
4492 6735
4026 6171
3468 1137
3458 17
3751 9409
2998 1357
2768 2261
4637 6287
3898 9861
2979 2293
3209 5079
4537 3353
4177 6169
4390 1574
4399 8253
4693 5412
4250 1089
4257 7619
2238 215
2676 1446
3689 8639
2749 3680
2503 422
2292 5218
2873 5325
2529 8757
4650 1499
2595 4508
2863 6139
4555 4137
2595 4181
4412 1874
4412 4403
3922 928
4088 1023
2473 3245
3618 2769
2161 656
3160 2190
3107 9787
4561 4273
4387 8016
2532 31
4604 1980
3463 5372
2908 6527
4113 1312
2108 4433
3514 6595
4558 3940
3311 421
3223 5396
2512 1619
2732 5260
2804 406
2469 5972
4079 1054
3961 6721
3912 4080
2566 6221
3615 5991
2709 9648
2249 9082
2502 3060
2245 184
2444 1909
2245 9082
3631 1973
3371 2262
2591 1885
4121 9694
2982 7953
2411 2397
2721 4456
3835 4554
3270 5346
4067 1419
2984 415
4100 757
4333 1738
4450 8763
4424 7307
3530 5504
2326 4884
4664 2181
3402 7333
2148 569
3186 6712
4068 3787
4091 8243
4055 795
3335 5749
4577 8097
2821 9087
4224 5551
2787 2491
4172 9072
2841 3699
4447 3838
3364 7443
4038 8799
3383 940
4171 6861
2687 1857
2195 7117
4604 8339
4253 3430
4675 594
2246 8557
2504 8726
2759 8445
4055 6985
2150 7423
2289 1836
2573 1466
3571 3080
3079 6137
2207 6394
3753 2124
2254 313
2196 3866
2355 7931
4339 8402
4104 685
3830 1267
2595 4181
2550 1060
2624 706
3283 3234
3156 7070
2497 2042
4072 6983
3261 7916
3824 2879
3072 709
2206 835
3191 3327
2139 9955
4680 8388
3700 1219
3216 8482
2129 1634
2537 1979
3083 6376
4201 1574
2510 5124
3728 3628
4222 3212
3206 3467
4043 1552
3914 8596
2253 7554
2273 6367
2839 5108
4266 3828
2804 7769
2555 981
2819 5234
4598 6514
3839 6872
4390 9779
3005 465
3690 5140
4346 3011
4648 7486
3610 7820
2328 1398
3765 1995
2663 7880
4645 4931
2994 3401
4392 374
3420 3798
3386 8071
3878 7937
4159 9265
2696 3147
3650 7777
2876 8502
4079 980
2324 3978
4493 7419
3513 4466
3783 3212
2167 5839
2687 7430
2832 6928
3007 1234
4608 7198
2942 2023
4248 3182
3058 1957
2866 8948
2703 4855
3045 6129
3785 3871
2688 5897
2559 3241
2240 730
2335 3650
4650 1109
3870 8851
3228 1700
3405 6188
4295 7142
4680 3110
3995 1326
3056 3172
4344 8219
3187 5561
3413 8987
2884 917
3733 9234
2376 8952
4279 9264
3313 8832
4229 8861
4246 5414
4268 226
2308 1714
3176 2467
2846 1938
3267 2507
3843 3905
3928 3272
3824 7003
3531 5646
2951 9951
2130 1639
4334 319
2184 6878
3340 5110
4631 50
4558 9278
3788 7024
4362 1
4408 7371
2925 574
3719 1163
4177 5380
3001 6543
3883 9718
3588 8514
4420 3059
4540 5223
3365 5251
4471 1768
2593 4017
4292 6787
4686 7815
2176 9422
3818 624
4241 6690
4525 9492
4007 6792
2342 1431
2205 6315
3733 2149
3334 92
3709 6702
4468 496
4015 4134
3106 2807
2724 7439
2928 3818
3282 870
3499 4220
2777 6810
3596 6192
2676 6445
2997 2964
3901 4189
3594 1540
3492 6769
4657 9439
4355 5744
2941 4823
2785 1087
3551 9752
4369 6179
3031 5548
3314 3944
3132 6882
3602 868
4359 4702
2853 3858
4355 9573
4288 151
2969 7077
4070 1755
2683 7629
2150 6590
3169 3988
3743 5602
4104 1533
2298 8248
3168 2750
3613 193
3029 5237
3084 8871
3964 5329
3568 3521
3163 8057
3687 3260
3974 5560
4632 4829
3516 756
3757 542
4067 5455
3178 1993
3450 9045
2783 6694
3829 4397
3050 5741
4540 9629
2777 4382
3367 9005
3373 9249
2222 6407
2200 3191
4669 5898
4587 3576
2409 1265
2834 1105
3822 4180
2124 4642
3226 7800
2675 357
4438 4304
3388 4810
3829 6629
4368 3619
3818 6473
2854 7851
2372 7921
3149 2631
2224 9112
2805 4928
4132 469
4159 6551
2472 8853
4683 6131
2585 3631
4197 2160
3886 2083
4278 8466
3061 1524
4418 186
3753 524
4146 1639
3410 8168
3324 7845
4218 790
4472 4557
2845 2119
3085 2465
2518 3409
2346 7661
3920 4427
3625 9990
4362 6782
3881 2592
2866 6544
4226 1292
4205 5668
3693 9596
2964 5453
4286 4985
3512 923
2289 4299
3338 9101
2986 1858
3878 5562
3488 4240
3692 2588
4043 767
4360 2458
2757 24
2153 1150
4337 9282
3823 3929
3473 6117
3049 6258
4353 7560
4555 7899
3354 1837
3930 274
3843 378
3146 7177
3340 8746
3169 9665
2489 7918
3509 6892
2351 6063
2129 2563
3566 7328
4209 2811
2831 8693
4351 6327
3349 50
3434 3509
3047 563
2124 6171
2650 9848
4278 1750
3842 3212
2476 1960
4673 3906
3927 7360
3713 7426
3964 2073
3613 2499
4522 1714
4142 9380
2914 7766
4082 6484
4598 8383
2541 9938
2816 6992
3584 304
2307 7777
2843 2986
2814 2351
4017 8407
4535 8545
3642 3750
2845 1639
2643 3901
3036 7599
3578 8011
3187 9779
3620 5685
2383 9237
4569 3162
3654 3327
4642 8980
3971 427
3036 3236
4164 4845
4021 2535
3839 7432
3594 3736
2704 4611
2962 6787
2533 9865
2566 5167
4021 9514
3510 5784
3788 7612
2264 1287
3302 2503
2712 516
4662 161
2614 7524
3513 2138
3197 3334
4667 8341
4512 8041
2491 2678
3530 736
3305 5353
3133 4930
3253 9625
2298 3778
2721 5733
2733 455
3165 3816
4589 1732
3720 3352
2723 4674
4353 4171
3704 850
2126 2741
2940 9000
4311 8970
3500 8218
2807 339
4404 1829
3010 7800
3507 5062
2422 7050
3654 6129
3844 674
2189 4644
3229 4380
2883 5997
2855 8107
4549 6731
2675 9167
2356 602
2542 5144
2725 4001
3230 2933
3418 6285
3502 8590
2829 8888
2906 6470
2785 4236
2931 879
4079 4300
2918 7706
4665 6238
4522 6654
2824 9157
3236 5466
2746 8893
2864 2257
2611 5573
4397 6181
3513 3036
3295 9668
2899 7109
2230 4555
3960 8975
2483 4175
3439 9586
2640 4631
4681 2141
3297 9691
2860 8558
2869 24
4066 9606
3280 7332
4395 985
2141 3511
4145 232
3904 5162
2355 8488
3468 5466
2666 3977
3607 7262
3096 3718
2982 4845
3691 6373
2517 4959
2754 8553
3964 2833
3394 1664
2700 4243
2758 4059
4596 2245
3076 1731
2974 1150
2213 5349
4174 3071
4667 3013
3820 2153
3575 4797
2838 2476
2852 568
4500 1279
3195 1047
4632 4083
3394 4390
3623 4169
2232 3540
2436 1458
3204 2061
4393 5369
2881 1323
2164 5983
3019 1406
3427 7818
3876 6240
3827 894
3217 4626
2804 4440
3791 3210
2815 3633
3872 3589
4612 6757
4127 8560
3818 1118
2816 2343
4199 2519
4256 1658
2842 3633
3402 6667
2695 1
2389 8073
2486 2999
4454 907
4472 6581
4286 6022
4558 2089
4151 886
3208 8284
3965 5433
4624 4627
2148 2627
2199 1424
2392 2679
2209 5357
3753 8952
2424 9792
3872 5260
3362 4356
2091 5643
2648 3377
3634 4144
3535 8506
4282 771
4253 6511
3821 5762
3092 6050
4548 6243
4234 6042
3554 9275
3130 5400
2229 5025
2380 9548
3001 9477
3293 8664
4411 8969
3015 6945
4398 1535
3576 8131
2903 6143
4101 9104
3261 5819
4234 1178
4341 2386
3687 9383
3918 5276
4390 6057
4304 7904
2498 2283
2355 2678
3882 9100
3376 7039
4024 2187
2322 9274
3438 5061
2778 3520
2656 5791
3506 9399
4058 80
2208 1729
3975 446
2484 9825
3684 747
2421 4034
2091 7319
2534 7248
2885 355
3518 1183
4638 3124
3646 8204
2677 2797
3720 8223
4186 7453
3973 1937
2220 8763
4533 5512
3742 5516
4207 3587
2194 6454
2644 9046
2599 1277
3536 4416
3277 1842
2930 9868
2421 275
3157 2
2123 9353
3047 6381
4224 1149
3484 8062
3629 9986
2327 520
2194 7188
3498 9198
3808 5965
4429 7407
2458 1760
3891 34
2621 7910
2524 928
3771 5023
3832 4872
4340 2012
4504 2195
3651 1411
2706 762
3859 352
2108 1619
2997 3566
3722 1878
2806 5871
3861 7090
2378 3615
3063 142
3171 6891
3109 129
4619 8673
4305 5070
2217 5567
3845 3375
2729 9638
3209 3414
3100 6626
2175 1428
4187 4855
2537 8701
2400 2313
3606 4611
2736 7569
4339 3604
3524 9534
2159 5246
4520 5511
4208 3346
4005 217
2511 4819
3064 6298
4315 400
4130 6136
2636 6810
4549 2800
3594 9487
2412 292
3410 2179
4033 734
2233 9449
4026 705
2613 1309
2534 1146
4248 5420
2936 7118
3526 5353
2871 5597
4542 5457
4193 3158
3182 9585
3770 2955
3933 7205
2970 2815
2376 9150
2867 5795
2145 33
3015 6435
4198 1651
3546 6411
2883 2424
3867 926
3495 8838
3556 6983
3598 4859
3769 5659
4104 9674
3295 6885
3915 6203
4434 6776
3271 269
3887 353
3433 8002
4023 1250
4031 119
2658 9450
2584 4407
2929 9322
3872 3147
2786 170
3206 6973
2279 9308
3170 3183
3238 678
4093 912
3183 8355
3159 9969
3387 501
2554 5256
2317 4387
3966 3027
2728 6216
3731 6081
4202 6276
2456 9140
4204 3532
2567 6418
3799 5520
3621 1973
4476 6777
3200 698
2944 8627
2490 9907
3538 2886
2181 9710
2611 6790
4103 5054
2507 8597
3504 2496
3496 7089
2692 4191
2885 5306
2608 7743
4444 8325
2660 6280
2248 1200
4618 1637
3221 5391
2437 524
2434 3935
3815 9774
4191 6670
2440 4403
2956 3037
2825 3359
3417 4221
2678 1936
2850 4651
2276 8476
2911 529
3833 135
3462 7311
2411 5890
2097 8849
3792 8167
3646 1395
2355 976
2672 4734
2651 7543
4560 3074
4413 6545
2863 9954
3354 4188
3407 4530
3338 4189
4587 1350
2573 8205
2814 6514
2378 7255
2728 8517
3291 9492
2553 7957
4006 3928
3739 538
2490 4682
4345 6536
2351 8544
3728 72
2872 7592
2443 7501
4018 2088
4087 2131
4331 7786
3212 3133
2455 6148
3346 236
2612 5055
2416 2752
3378 4366
2276 9891
4552 8674
3529 2849
2462 7798
4393 678
2752 9078
3605 3913
3084 9658
4255 292
3148 7680
2652 7480
4505 945
3765 7676
3727 9176
4018 1618
2957 4143
2910 6352
3546 9615
3057 3656
4095 1870
2491 3203
3129 3237
3806 3812
2681 110
2172 1900
3633 8552
2581 2378
4612 3618
3509 5433
3062 5302
2405 456
3018 6155
3635 7048
3933 2258
3129 2467
2839 7586
3055 9489
2705 4369
4308 7921
4006 707
2501 3899
2432 6214
2381 2711
3375 160
2824 5395
2187 9407
4168 6522
3983 9145
2920 6481
3610 2629
3854 6683
3750 1283
2898 1390
2188 7490
4488 505
4397 2385
3936 4120
4133 7705
3074 9850
2188 481
2349 6973
3481 5727
4613 274
3006 7474
3525 2022
2721 1824
3762 7476
4493 99
3771 4852
4201 4782
2878 2319
4596 7603
3359 3736
3041 6881
2999 7620
3667 3303
4362 2253
3289 5755
3072 8116
3903 3973
3755 5596
2461 5933
2589 3160
3282 7365
2553 9123
2619 5638
3710 8644
3330 6012
3137 2201
2752 7842
3060 3503
2286 3413
2485 3482
2201 6235
4610 8931
3044 7901
2953 8457
3549 7446
2449 9610
3025 9339
2217 1114
4356 1294
4160 9516
2959 9224
4481 7362
3854 9293
2328 2684
3895 3714
4545 4056
4698 5794
3352 5164
2317 6180
3117 8878
2333 3886
3187 9934
3516 9303
4218 2747
3245 5662
2392 4204
3745 3857
3941 2133
3239 4894
3006 3165
4128 7333
4030 1046
4573 8231
2881 2961
4074 779
2648 365
2828 2436
3659 9880
4252 8926
4010 7613
2549 6411
4504 3956
4577 782
2952 5847
2328 2832
4233 306
2970 5138
2937 8779
3389 4459
4686 9644
3120 8340
2547 5895
2943 1450
4198 4629
2208 6587
3891 6529
2849 8635
3764 2223
4537 4136
4015 2864
3686 5669
3294 2698
2140 8012
2262 5006
3419 5549
2563 8162
3209 3904
2956 8888
4455 8334
4085 7728
3781 577
2856 3621
3346 5302
3601 1884
3247 972
3825 7624
3543 5563
4424 9140
3711 1361
2612 8464
4678 5909
2999 9520
3321 8034
3433 4994
2881 4466
2193 9703
3428 1614
4575 7666
2863 413
2229 2395
4193 4111
2356 8834
2143 4137
2813 9773
2167 2263
2385 3915
2258 9676
2775 6267
4160 7907
3993 9934
4702 3290
2998 6217
4078 7974
2885 8095
2312 7707
4324 6241
2719 3752
2507 333
2428 1289
3114 8107
2314 8952
2639 3683
2163 9137
2625 7487
4173 3037
3983 8365
4412 2630
2700 1669
3386 99
4487 5570
2182 2577
2629 3624
2241 137
2316 3989
3862 9605
3364 8791
3003 594
3144 2023
4131 6250
3303 1374
4541 5235
4414 2071
2708 2546
3311 7749
4322 703
4573 9169
3880 6904
4506 9675
2602 5600
3013 7045
3605 505
2098 4907
3761 3864
3566 3210
4190 100
3683 851
3591 2617
3404 8035
3358 3978
3185 3535
3692 9103
4680 6727
4504 3848
3457 859
4474 6480
3956 2893
2124 9736
3037 7196
3512 652
2628 6124
3738 430
4678 1008
2876 2909
2701 5042
3691 7564
4297 4735
4182 2696
4610 3241
2834 9224
3631 2263
2721 1753
3321 5951
2577 4773
3154 1606
3860 8187
2856 542
3014 5623
2626 7011
4701 6688
2646 2239
2141 3424
3716 7292
3490 4175
4390 7524
3548 8573
2690 9050
3496 1080
2372 8813
3703 2519
3852 2265
2630 1439
2414 4762
3564 1732
2703 9895
3476 8400
2607 9314
4614 2680
3809 2640
3594 3347
3348 9552
3974 5143
4156 6520
3795 6342
2801 7899
4122 3460
4058 9195
4205 3490
3525 4102
4143 6539
4337 1826
2583 3964
3129 8975
4406 6787
2097 7778
3027 42
3358 7433
2903 300
3463 7162
3410 7394
3542 502
3063 690
2874 7773
2173 5795
3154 9336
2621 935
3304 5325
3272 5082
3553 2217
3104 5678
2998 3470
3672 1564
2237 5405
4016 7209
2421 3432
3672 8350
2507 563
4468 1891
2695 1093
4089 9664
2481 3305
4164 6018
3720 5598
4033 4983
4114 4337
3679 1070
3485 5358
4578 1088
4529 6353
2643 6663
3294 2936
4689 2280
2814 4936
3361 9310
3491 8164
2932 1689
2443 3428
3642 3508
4190 997
3870 2714
2146 7612
2256 6622
4266 5450
2126 8320
2647 7774
4324 9375
3545 453
2262 6325
2643 8837
2113 5092
4191 8827
3044 7104
2450 1068
2796 5981
2123 2324
3908 253
2916 2998
2554 6796
3441 7243
3442 9369
4418 7301
4457 3008
4175 8174
3702 9971
3527 9372
3765 3758
4192 2444
3845 4662
2640 8437
3608 841
3554 3427
3425 5951
3321 6147
3087 9594
4419 9416
4685 8502
4609 5030
2901 1971
3475 3883
4627 1305
4449 3634
3938 9219
3499 6391
2413 2882
2984 7407
2687 6966
3285 469
2813 9412
4296 2248
4616 1050
4542 7747
3653 3239
4641 6559
4394 7014
3495 7150
4491 2765
3914 9796
3707 9775
4610 3681
2410 6121
4647 2794
3271 685
2481 6282
2836 8431
4053 9193
4114 2350
2744 7491
4019 3845
4063 5847
3589 7387
4206 2168
2439 2690
3341 2006
2851 1902
4490 9336
3240 9088
4351 1554
4591 2983
3559 6420
2322 6596
3784 9328
2250 3842
2729 7297
4260 1289
2444 9425
2973 2174
2891 5180
4527 7358
3382 1475
4481 7438
4636 9552
3908 5201
2531 9997
4655 9837
2954 6068
4040 5607
3121 9827
2094 5230
2165 6511
3674 5136
3849 2347
2305 3588
3386 7300
2241 4368
2716 7807
4579 5992
4148 3483
4134 6223
3054 3167
2637 9123
4114 3080
4050 7167
4592 794
4476 4129
3903 2937
4217 993
4282 6303
3838 6587
3753 1986
2831 9516
4164 7986
3909 1395
2436 2016
4116 5333
3066 5371
3638 6459
3885 8056
3678 131
3486 1287
4087 4690
2413 3186
2749 2712
4013 8920
4393 7554
2821 3804
4025 8070
2261 1690
2579 3361
2127 926
3431 6000
4133 9814
4248 4780
2091 384
4370 3996
3007 904
4550 3434
3380 3082
3028 3971
4295 1830
3430 2965
3704 6603
4081 4951
4159 4450
2182 9744
3996 3989
3022 9294
3693 3838
3377 899
3363 1657
4160 3239
3071 2687
3277 1253
2304 4134
4307 5415
4669 622
3852 407
2906 1220
2163 4179
3259 959
2692 2280
2493 4864
2559 8724
3223 9073
2855 8440
4182 4030
4272 6111
3313 2278
3388 6293
4427 3632
3647 2684
2662 2742
2898 3134
3377 2650
3971 4656
3199 1646
4400 9303
3023 70
4150 6834
2840 1471
3087 1319
3818 1727
3489 5417
4115 9859
2089 3400
4560 5501
4636 2036
3185 5069
3567 9379
4554 6131
4607 6595
3120 3313
3933 6849
3973 3379
3565 4203
2915 8667
4402 2385
4258 6286
3283 6728
4500 4416
2360 6955
3335 1904
2674 7452
2420 6589
2646 7438
2698 2833
2356 5977
3350 5476
2188 6844
3428 2828
3783 5788
3510 2680
3160 1262
2662 2555
3219 9282
3800 8811
2851 8323
3912 1976
4695 1591
2372 7356
4195 7397
2723 2140
4640 4543
4506 2392
4061 1274
2729 242
3241 3361
3089 8557
4212 770
3325 4324
2239 1498
3552 5817
3777 2547
4700 1177
4196 6731
2167 3462
4256 644
3939 3991
4466 2159
3951 5199
2400 80
3786 1864
4447 3576
2509 8108
2456 241
3366 8428
4120 7063
2956 9185
2160 7916
3152 9917
4462 3210
3064 5052
2926 1210
2293 9876
4157 3718
2384 3848
2487 4510
2160 7281
4286 6632
4247 4202
2461 9375
4108 2147
2613 1252
4062 8359
4112 218
3950 971
4033 9932
2423 3407
3260 1485
2179 5193
4460 577
3284 7801
3558 9538
3807 9439
3411 6579
4184 9383
4036 7892
4678 659
4310 2329
2830 4778
2427 1774
3715 4995
3586 3812
3686 2219
3278 8314
4310 3165
4067 5752
4311 9491
3504 9454
2392 2128
3987 6665
2361 5608
3359 5079
3980 5303
3636 4106
3711 6126
3260 4877
2895 3098
2095 8518
2281 6477
4529 4393
3024 4894
2957 7083
4151 2573
3468 6516
2842 8199
2899 22
2087 5923
4616 1714
2802 5380
4030 3248
3345 3556
4689 6690
3643 5502
3982 2732
4203 2033
3527 3173
3637 6882
2436 8513
4616 691
2720 1818
3879 9085
2673 5218
3467 6580
2373 2816
4207 126
4187 4401
4099 6353
3949 4534
4677 279
3653 9740
4671 6606
3821 8555
2918 3293
2301 3618
2808 6412
3709 6269
2959 7220
4356 9215
2196 9063
3295 9843
2319 4191
4398 1555
2277 1157
3118 8303
4371 7564
2265 136
3834 17
4296 2042
2185 9384
2477 4874
3526 5905
4132 796
3048 4730
4208 7240
4551 9189
3509 8546
3209 9769
4355 4713
4688 643
3660 4085
2552 2594
3175 1971
3109 7885
2786 9912
2659 1405
2446 1961
2329 2204
2140 9903
2870 8546
3972 5584
2950 6351
4274 3128
3190 7780
3543 6438
3850 430
2555 6496
3251 2243
3056 2871
2946 1086
2701 4417
4120 478
3097 2107
4058 2398
2696 37
2229 4130
3071 3248
3333 8881
3617 2975
4326 6603
3196 7001
3334 4573
3485 5142
3810 6271
2641 861
2243 3402
2194 9358
3715 2553
3134 2168
2517 503
3528 8370
3222 8781
3809 6353
2140 6004
3442 3720
3919 2286
2839 314
3749 5433
2324 3178
3280 3865
4624 5812
3871 1483
4448 226
2978 2177
2111 5764
4172 7038
4692 1157
3594 5516
2339 290
4127 996
3155 9276
2885 295
3034 6084
2176 7041
3651 8315
3878 2920
3483 3866
3581 3834
3903 4540
2539 2420
2721 3983
3858 708
3129 2869
3295 3023
4055 7070
2539 9445
3115 6661
3240 7339
3914 320
2266 2526
4373 2429
2862 5543
2578 8629
3662 922
4629 1144
3252 4513
3108 709
3370 1892
3230 544
3719 8568
4356 5608
2804 6717
3538 3820
3505 1535
3190 5638
3784 4789
4170 1451
4628 7290
3260 9897
3547 130
2679 3852
3925 5244
4579 6545
3687 2886
3160 2637
3777 4026
3944 1638
2749 6496
2587 5950
4400 6899
3386 6561
3305 7002
4021 4739
2295 6928
2198 3286
2869 7661
3399 9189
4164 9288
3351 3835
2481 6011
4111 1010
2709 6654
2310 3238
2928 3363
3990 7592
4346 2389
3483 1759
2347 3410
2156 9706
4160 4982
4255 6609
3057 2721
2403 2996
3472 3851
3717 1581
3575 9448
4301 8170
4577 6292
2306 4439
2691 6898
4474 3087
2505 5696
3682 9463
3188 1430
2619 5592
3896 277
2884 2451
3281 1292
3130 4913
3856 4161
3372 5386
4423 9321
3175 5690
3640 6352
3330 8598
2999 9251
3486 263
2091 6053
2561 2506
2510 3637
3464 3129
4655 5391
4644 4679
2418 4641
2293 6843
4081 7469
4446 4922
2714 9929
2201 9589
4432 4130
3491 8849
3712 5496
3749 1748
3956 8029
3119 9467
2527 5559
3359 9880
3817 8722
3681 7217
3408 85
3165 2965
3829 7492
4503 318
2972 2295
3168 6516
3230 3920
4671 1887
4703 1597
2527 8234
3644 3809
4200 4983
3916 8696
2317 1472
2339 7253
2228 870
3761 3708
2903 4812
3358 2331
3266 3342
2859 7578
3500 8446
2685 9255
4174 4322
4563 4529
4154 7779
3580 947
4352 5183
2508 7641
3635 2942
3635 6054
4241 8566
2640 3064
3260 8734
2205 9734
3566 2738
2987 3555
2277 3300
2784 6795
2604 3678
2125 1648
2145 6124
2638 8752
3706 8688
4466 819
2158 7647
2904 447
4117 3036
4643 3222
3871 5400
4171 8434
4625 7782
3154 3532
2682 8871
3749 6181
2627 212
3435 2278
3449 3019
4680 2126
4446 1361
4590 9869
3451 3034
3079 4362
3914 1767
3933 748
2176 9303
3536 7294
2280 3677
3479 7631
3307 4561
4266 6639
2635 841
4136 5206
4092 4025
4480 7312
3316 7540
2140 4574
2639 3475
3496 7114
3620 8544
3104 9726
4049 57
3289 8426
3811 5481
2687 869
2305 1727
4205 6269
2167 3658
2410 5954
4049 4375
4559 5484
3696 9029
4305 6524
2982 6535
3400 2211
3829 8625
3013 2650
4295 4314
4436 9204
3206 1734
2361 8553
3165 9742
3046 7014
3821 6841
3479 7
4190 2500
3248 7661
4650 3447
3199 3977
2912 591
3822 8082
4578 1824
2145 3004
4360 832
4150 2707
2144 4415
3920 9584
3108 9355
2238 4215
2634 7429
4542 4634
3151 5862
2911 1278
3478 2163
2719 6196
3685 9082
2986 1308
4633 3200
4239 5355
4628 5518
2916 7160
2931 9783
2252 8592
3265 6192
2322 4696
2191 7877
3978 8033
3539 9737
3479 8228
3277 9399
3379 9420
3057 174
2362 5510
4697 134
3302 9716
2100 622
2438 4573
3479 8426
2204 8994
3465 6263
3911 2395
4581 898
2823 5480
2925 3945
2252 2033
2299 716
3425 9075
4052 1166
3198 4327
2989 9858
3738 5932
3354 228
2557 9464
4658 9303
4314 8924
3392 7005
2127 2027
2400 9812
2140 8028
3014 174
4642 6247
2300 9420
3491 1100
3564 6201
3077 7742
2806 2596
4477 7208
4621 1761
2726 704
2909 9857
3423 4327
3258 2589
3015 7439
2174 2897
2129 2076
4095 1500
2566 1482
3700 9238
2787 1513
3260 4445
4348 1272
3274 5675
4227 7904
3533 3343
4098 8713
4385 2604
3158 2686
2507 1723
2709 6478
2784 7285
3767 1551
2764 2063
4344 3203
4513 5559
4317 6176
3323 4305
3462 2908
3251 6754
3515 5671
3996 7911
2613 4327
4214 3504
4057 9181
4453 9371
3137 8064
3472 4739
3541 5307
4201 1942
2989 316
3175 7229
3331 7796
3587 5997
2402 7117
2262 4841
2512 6518
3663 5498
2655 5525
4204 409
4594 1267
3537 1042
2657 2243
3786 8346
3535 8482
2353 531
3330 2821
3715 8791
3591 2218
3354 268
2269 4597
3856 8959
3928 6895
4486 8198
4528 9787
4001 3058
3831 5209
4051 9821
3089 7156
4209 2983
4564 578
4185 1788
3236 1024
2446 5886
2648 3047
4498 9404
2282 7274
2309 2646
2438 385
2791 8106
2402 1263
4184 6081
3423 8853
2623 6730
2249 4201
3614 4534
3168 9375
3473 2076
3782 3877
2129 9805
3660 9739
3463 8501
2741 6038
3071 4674
4291 9704
4182 1656
3356 3196
3746 5188
3622 6916
2204 1859
4506 8971
3964 5426
4329 4089
2129 2079
3114 1197
4273 194
4511 6086
2924 5483
2945 4320
3858 2364
2620 1976
4549 1007
2962 1126
2290 1757
2865 171
2229 8152
2898 9173
2971 7880
4624 4686
3707 9643
3712 6068
4368 5159
4050 6769
2364 4415
2538 5677
3527 7809
4170 2795
3400 8508
4052 1227
4305 6256
4362 4721
4388 1140
4086 7464
4141 8417
3148 5375
3848 2856
2126 4262
3731 931
4489 3941
4363 9468
2280 201
2584 1326
3908 7006
4331 4213
4672 9752
2231 4617
3735 5962
4142 5060
4030 9103
3685 7300
3091 7922
3229 8220
2961 8917
2523 6299
4372 1324
2454 3490
4015 4527
4317 213
3281 6927
2497 2761
3096 6499
3718 3576
2454 2783
2818 6725
4132 6499
2884 245
3335 8270
3175 1965
4045 8227
4248 1264
4633 4869
2133 8521
3911 216
3120 4436
2091 7572
4476 6865
4553 1876
3006 7745
3593 8796
2872 184
2786 4961
2148 1264
4097 2584
2743 6911
2716 2724
4540 8931
4404 3700
2933 3621
4555 3252
2394 1734
2211 3899
3855 7425
3531 8486
4075 1274
4375 8803
2145 602
3870 5307
4428 3946
4237 5979
3150 2235
4072 2653
4143 731
3631 2993
3369 5506
4698 7744
4035 1117
4314 1468
2927 8774
3762 4857
2265 4109
4229 3680
2804 9405
3422 4645
4576 5417
4506 4280
2568 3427
4700 211
3979 9180
3078 3460
3632 4878
3499 2977
3663 5157
3496 1933
3130 4122
4030 7962
3953 8868
2532 6114
3277 4084
4493 9462
3534 5343
2403 1110
4659 2932
3287 2765
4013 15
4396 3291
3811 7142
3801 7784
2196 2437
4582 7488
3799 4306
3888 1894
4531 1866
2176 5814
4372 9325
2835 2000
4578 1769
2453 2435
3638 3727
4666 5504
3741 4032
3005 7278
2242 5503
3420 2375
3154 3351
4520 330
2501 2839
3073 6885
2630 4386
2181 6538
3917 7932
2461 7974
3476 1814
4537 3592
3928 4664
2916 8581
3398 3607
3124 9837
3989 9321
3801 7513
2335 8181
2350 2382
2843 9124
4121 61
4634 2526
3978 1263
2278 3980
2600 7558
3395 8264
2532 5213
2880 4677
4134 4272
4353 5029
2151 1270
2705 7869
2308 581
2924 7104
2752 1188
4445 8630
4376 4324
4211 1001
2550 3595
2903 7530
3566 3741
3449 2427
4130 173
3883 6155
3205 7251
2607 9517
2644 5430
3650 2798
3955 8315
3675 1798
3183 3154
2795 1163
3015 9337
4413 4091
2149 427
4573 82
3897 2335
2193 4069
3927 909
3451 7042
4191 3705
3139 7191
3731 1144
4413 5231
2601 1212
3907 8605
4507 1932
4187 2703
4009 8155
3145 646
2739 1789
2167 1611
3455 8363
3376 2938
4657 860
3208 8263
4508 2946
2821 7778
4400 1798
3459 8622
2676 8251
2363 8146
2897 6469
2982 9779
2570 3432
4637 2041
2798 7285
3619 6183
3624 8920
3848 1304
4544 7296
3293 5089
4480 2952
3817 6603
2988 5888
2610 736
4193 4317
4239 6298
2295 3290
2435 378
3024 9518
4217 1149
4540 123
3318 4672
3304 2539
4050 7750
2881 360
2174 7599
2220 3665
2111 3889
2617 5487
3605 5324
2764 6894
3740 2791
4399 8600
3749 4222
2482 301
4397 8436
2198 9239
2341 8661
4345 1190
4433 5401
3862 3525
2407 641
2758 4947
2453 8858
4307 4417
4633 4149
2570 8721
4038 7523
2094 7774
2294 901
3224 4004
4241 6129
3553 6526
3372 9697
4373 932
3683 3008
3450 1540
2279 8779
3906 9189
3349 1506
2092 8077
4157 6141
3436 9273
3779 2653
3040 6773
3123 8610
3014 6116
2297 7885
4099 8605
2603 8735
2256 1586
3767 868
4296 3862
3518 987
2651 8204
3274 5209
2478 1568
2491 3148
3261 6245
3049 1970
3173 6647
3287 3455
2186 348
2611 7943
2294 66
4321 6503
4248 4361
3700 2793
2618 8496
3176 7354
3057 681
3563 4875
4046 1492
2918 7436
3301 9256
4531 9619
3383 8529
2310 3452
2918 1719
3123 5277
3536 359
3254 9450
2246 7721
4621 4762
3955 5041
2393 6533
4332 5644
2662 7477
2143 6069
3647 6135
2153 6527
4240 2802
2925 4343
4299 9856
3931 4253
3619 1985
3764 6005
4551 4906
3789 9400
2578 4360
4292 8971
3746 4728
2963 2355
2251 5771
3415 8876
2779 3980
2835 2336
2461 5244
3949 2465
2170 2638
2988 6416
2880 7991
3866 7126
2436 2113
4042 7041
3994 2564
2198 5634
2366 4506
3013 8248
3007 4514
2684 7670
4323 9973
4067 8357
2662 6708
3837 1714
4529 8064
3821 9618
2928 3127
3989 9774
2650 7677
3788 6407
4281 4886
3496 814
3152 7688
2970 7886
3603 5341
4109 9300
2351 5965
4520 9201
3019 1999
4394 6101
3483 7423
2578 6538
2673 6365
4511 3089
4495 2028
2743 275
3002 2866
2447 5977
2102 3196
2331 2222
2577 1887
2161 1285
2590 5870
2973 9515
4368 8313
4022 7216
3859 7606
2690 7366
2493 5140
2457 8624
3090 876
3655 4544
3060 8665
2998 405
2953 8486
2138 1089
3720 6303
4692 9120
2499 8506
2564 9871
3067 8681
4253 9139
2936 6292
4427 1915
3475 4198
2834 5388
3068 3699
4400 2776
2673 7590
4117 1025
4256 3493
2105 6746
3387 297
3529 4708
2363 3212
3533 6579
3835 3525
4144 7558
3270 5401
2700 1326
4027 8952
4222 4248
3959 5036
2289 3765
4677 8823
4443 4899
2409 8946
2333 3138
2953 5475
3241 9063
2809 5087
3477 1395
2093 1006
2528 3623
2690 4077
2399 7831
3839 8541
2628 1340
3707 5756
2947 6321
2915 86
2565 5779
4582 9216
3727 1016
3625 8156
2252 3950
4686 7214
2781 6553
3221 6302
3672 5813
3507 6363
4525 2442
2730 9135
4261 8112
3085 5467
3172 8
2246 7600
2842 3370
4603 3950
2548 6650
4119 1402
2421 7426
4643 2754
2156 4425
2979 2488
4247 5329
2163 7811
2194 3190
3020 9267
2681 8060
3100 777
3786 164
3211 9339
2170 4115
3026 6547
3985 4614
4318 4963
4282 2382
4169 6439
2481 8997
4213 3035
3918 4146
4426 271
2395 471
4069 1941
3815 9234
3508 2291
2261 8237
3877 103
3753 6030
2255 1538
4524 1542
2822 8801
3670 5930
4132 1964
2113 5809
2438 5375
3070 56
2808 8409
3710 2929
4312 5826
3943 4173
2730 6500
2883 2890
3119 2021
2753 6876
3366 3537
2343 4695
2250 277
3916 7879
3222 6953
4183 4312
2455 7324
3706 6314
4683 6829
2949 3916
3609 3832
3805 3838
4000 3133
4634 344
4703 8856
3425 3332
4085 8433
2988 7813
3244 7504
2140 7269
3967 7316
3711 4407
4676 8460
4661 2341
2638 4224
3116 7672
4656 219
3458 1944
3684 8196
4063 7594
2491 5125
3683 9700
3361 822
2377 8936
3018 2585
4505 4752
4575 5397
3921 8983
3515 4975
3162 6958
3245 8931
4132 7805
3475 6186
3051 2597
3882 187
4501 3474
4476 4541
3640 5935
3758 7283
3723 1422
3076 2834
4493 4610
4701 6040
2438 5267
2180 4723
3683 5005
2970 7774
2834 111
4336 9483
4255 5864
2617 3306
3068 7236
3949 3878
3547 3723
3660 4672
4654 9302
3228 9358
2323 8318
4352 3691
3553 903
2196 1559
3013 5225
2779 389
2724 5790
3502 2212
2233 9556
2820 4254
2298 9404
4686 338
2644 3957
3044 8559
3393 9250
4542 4383
2430 9617
3148 1724
3857 9500
4693 7570
2172 383
4246 6777
2925 4915
2681 98
2182 2590
3819 9893
4359 6585
2467 4223
4373 1113
3395 7557
2357 8249
2640 5855
2995 9553
3741 6930
2323 918
3347 3912
4185 9085
2907 9756
3518 5618
2831 4536
2852 2347
3094 6579
3058 2976
3380 1966
3841 5438
2218 2573
3111 8535
4290 7247
4437 7854
2640 4199
3860 9723
3822 2031
2266 8783
3708 559
2513 3248
2894 62
2451 7880
3156 406
3431 8363
3566 9073
4603 3278
3352 8156
3098 8259
3400 3946
4088 1116
4652 6910
4700 1544
2105 4347
3252 9549
3545 7892
2842 367
4254 666
3431 4660
4149 2528
3067 7616
3298 4641
4115 3968
2104 6873
3134 7763
3510 1189
2737 5635
3527 4549
3014 6263
2097 9891
4409 5870
2640 9272
3475 7056
2340 3387
4324 4150
4459 1159
2159 4495
4452 7878
3462 3534
2700 800
2783 5026
2477 5178
3838 8396
2710 1196
2918 2674
2853 5626
4680 612
2948 1656
3241 7372
3980 7858
2644 479
4669 7297
3852 7323
3017 5514
4285 1679
3992 1958
2843 3111
2948 7619
3686 4485
4188 6806
2312 9374
2780 673
3453 6004
4235 9411
3472 909
3729 5922
3784 3270
4597 3604
4340 5138
3645 2409
4037 9317
2692 483
4466 8771
2684 140
3394 7623
2683 3350
2905 4170
4522 7798
3000 2729
3123 2542
4636 73
4481 517
3874 31
4302 8385
4700 2303
4017 9225
2609 5348
3780 5807
2113 6533
2242 8209
2916 4340
2621 7579
3800 906
3830 3917
3014 3030
3786 9276
3577 196
2511 9295
3931 2161
2166 7097
3573 3870
3229 8172
3443 6406
4084 770
2700 8948
3808 2079
3137 2757
4018 8576
2095 8303
2430 1072
4016 6758
4170 434
3025 919
3517 4946
3430 137
4254 295
2845 2970
3348 8958
4116 7565
2363 7935
2620 6561
2752 5431
4197 7509
2655 923
3184 681
3793 3734
3179 114
4087 8467
4408 4688
4650 7143
2842 2875
2444 8409
4264 3098
2881 5442
4389 9262
4024 7553
2127 5642
2241 6524
2624 6636
3809 8185
4550 704
4477 5005
4699 862
3925 9277
3832 8485
2255 7688
3707 283
2740 3178
2918 1990
3907 7608
3817 2546
3557 9745
4107 6933
3552 4208
4685 9330
2714 462
3935 7752
2253 9395
4654 7962
2573 8130
3597 3020
3252 2715
3375 2409
4683 2250
2212 5479
2814 2384
2880 8278
3468 3675
3006 9611
3616 9750
4561 5806
3741 5490
3986 8048
3118 372
2649 5950
4550 2642
2285 2328
2394 5863
3859 1229
4091 5042
3352 8670
3023 6008
3625 489
2210 8023
3405 6072
4332 2678
2373 2914
3263 9799
4593 5515
2879 3071
3823 6690
4532 972
3095 4352
4392 4405
3455 9056
4561 6439
2352 9646
2758 3369
4579 2435
3606 7791
3812 6530
2214 6463
2097 2286
3701 852
3204 8498
2747 8986
4258 1632
4550 9404
4380 9691
2730 2560
4407 470
3544 9638
2875 7358
4322 8065
4481 9579
2924 6657
2218 1820
2746 6819
2293 570
3647 1124
2870 2814
4043 6719
3136 1153
3649 3679
2720 9299
4492 1167
3734 2103
4608 5451
3242 5303
3535 8914
3377 3423
2196 4273
4309 3725
3308 5982
4067 9910
2668 4421
2621 3938
2758 9122
3281 62
2857 7010
3880 6667
3068 2429
3011 154
2613 2917
2802 148
2232 5612
3890 4083
3412 7640
2545 176
3683 268
2711 3014
4326 5246
3811 2093
2627 3805
3648 9745
3433 90
3121 6419
3785 3120
3733 8392
4361 4796
4162 2287
3783 2426
4623 6248
3026 7806
2879 7409
2893 0
2466 4010
2389 6698
3355 7921
2792 58
3725 1233
4135 2178
3352 7941
4339 8387
2726 520
2882 5219
2169 9352
4161 8837
2626 9189
4439 3271
3079 6438
4124 3530
3784 700
4145 1670
4278 8062
2875 589
2394 4697
2867 7699
4124 327
2179 4818
2135 3287
3730 6466
4102 9005
3389 2057
2857 3025
3990 8718
4174 4107
2908 3943
4395 7987
3014 4910
2156 1286
2538 6930
3516 3365
2844 6548
2515 2822
2721 7474
4104 2741
4045 123
2901 2749
3195 8080
3887 7568
2534 536
4445 1797
3564 2387
2279 1064
3702 4026
3215 9131
4466 8363
2441 266
4299 3677
2279 6112
2786 5244
2744 1511
2359 5819
3882 1787
3597 9333
2316 4792
4111 3411
3593 7974
2687 5452
2762 37
4445 6622
3356 1812
2487 4825
4551 3190
2723 8468
4207 340
2986 7337
3140 2307
3629 7779
2472 7646
3586 4585
3387 5821
2273 9557
3759 2340
2114 4410
2157 765
2774 6681
4007 6102
2412 5709
2235 7930
2515 3863
3690 6099
3528 5807
3174 6640
3269 176
4286 4198
4591 8056
2480 9659
3826 90
3684 7825
3482 622
3876 1119
4205 1527
3469 9109
4460 4435
2980 752
4217 8877
4439 3997
3314 8630
4452 4516
3805 2522
3347 9092
3807 8859
2529 5269
3265 9835
4069 738
4520 2816
4533 317
2257 4137
2873 8945
2533 5563
3811 6235
3996 5664
3247 3259
3074 8308
4424 7937
3022 4186
3335 3222
3782 8035
2412 4251
3862 1009
3445 3636
3625 3138
3965 5551
2232 6678
2959 5860
4165 929
3912 3533
3445 7298
4504 34
4383 2964
3727 9007
3121 1555
3521 7797
3912 6270
2796 969
2274 3896
3095 6752
3799 5204
3240 9071
2638 5586
4635 8640
2405 9213
4551 9245
3513 1043
3008 3118
3590 7463
2892 251
4244 5748
4158 5637
2114 6223
2983 632
3703 6176
2298 8800
2738 7506
3596 8832
2754 4162
2469 9426
2840 4582
3915 7636
3232 498
3171 4597
2582 6154
4126 5044
3721 8856
2493 1519
2354 9822
4279 5400
3445 3482
3419 3990
2089 599
3659 8635
3088 1516
3472 4684
2988 5546
2492 509
4523 4933
3657 9072
2618 1643
2432 2545
2110 7211
2936 4169
3930 7119
3930 6738
3372 3413
4270 7303
3233 9296
3558 6675
2134 3416
3209 7845
4665 196
2126 5810
3894 9870
3923 8431
4404 8753
3362 7705
2289 2944
4182 4741
2912 6724
2818 4126
2509 5143
3575 4759
4568 8041
3895 8588
2087 9805
4613 1056
4452 9434
2317 2335
3714 5424
4179 1513
4144 6448
2461 6813
4438 7099
2140 5869
3774 619
4308 4703
3810 6721
3168 6299
4174 8861
3166 130
3468 4212
2870 8926
2958 355
3707 3805
4574 8082
4698 84
3273 6059
2924 5515
3245 7948
3474 4040
2939 7049
4019 9010
4387 6797
2912 809
4610 7670
4534 3936
4186 7868
3513 1696
3527 7320
2629 4664
4629 6930
2123 3627
4254 968
4285 9500
3441 4672
4372 6562
2242 386
3505 454
4641 6164
2990 9516
4593 6718
2608 3230
3108 2029
4438 2744
4478 8189
2127 8535
4489 6007
4667 3484
3971 4020
3178 697
4256 2142
3815 897
2986 6042
3910 4441
2776 3660
3768 4878
3767 1705
2929 910
2955 6512
3375 35
2478 4395
4298 4116
3769 9429
3496 3641
3222 8739
4377 3854
3862 8716
2127 2150
2346 212
4241 9489
4060 8625
4094 6760
4173 7534
4332 7548
3305 9428
4522 4916
3879 8193
3516 3108
4117 9497
3394 4808
4176 5358
4273 1676
3278 5250
4096 5398
3244 7326
3448 6588
3132 8306
3642 5510
2908 4787
3445 1182
4041 3315
2444 5824
4229 9916
2211 4310
4378 7
3367 8735
4178 4361
2540 2999
2722 9041
3443 1410
2118 4003
3613 751
4324 8252
3249 3831
2203 355
2331 1609
3659 3556
3649 7528
4315 6439
3651 5407
2147 9714
4559 5040
3211 7006
4350 2389
3486 2532
3378 7232
4459 4983
2838 8125
3319 989
2486 8744
3976 9297
3756 5608
3498 2846
4241 2437
3329 9211
2223 5567
2203 5822
2844 3711
3173 3335
2646 4221
3759 5357
3430 7753
2899 9955
2853 3745
4693 9917
4657 3979
2895 2901
2464 1572
4596 3242
3491 2303
3102 310
3581 9288
4624 3354
2155 1557
2842 4872
3866 9451
4281 2465
2696 2658
4082 5503
4172 7709
3308 4204
2985 2995
3421 66
2105 2462
3912 1165
2271 1909
2929 1694
3834 3655
2753 4043
4656 5705
2137 1462
3661 6287
4192 263
3089 872
3955 4407
3010 3450
2203 512
3353 429
2644 6633
2725 2049
3371 247
2217 1096
4128 8475
2807 2954
2990 405
4333 9631
3473 6229
4683 7102
4506 3685
3796 9224
3551 6394
3347 6906
2114 8842
3166 7583
3140 5861
4537 6796
3549 4018
3925 8386
4323 8869
2891 7089
2195 7257
3359 8451
4029 8238
3256 3593
3500 2865
4229 2139
4073 5310
2992 3299
2151 513
3945 3769
3268 6661
3315 9947
3170 3338
2737 7943
3725 5155
4675 3530
3896 9560
4007 568
4282 5466
3305 3210
2936 8936
3165 7398
4500 1333
4095 3176
3314 8544
4345 5154
3641 9334
4281 2776
2577 8811
4245 6001
3695 7613
2514 1275
2809 5312
3371 3083
2237 3525
3836 7183
2418 6327
3575 4940
2405 7140
2145 5466
3873 932
3248 4519
3390 6033
4154 5571
3684 9193
4376 5768
2657 9497
3649 70
4099 3826
2942 7693
3076 6924
2296 6026
2469 9046
4497 610
3601 5930
4353 8385
2253 587
3047 4244
3006 4029
2746 795
4514 2085
3874 8136
2543 6548
3307 4775
2583 6121
4468 0
3308 9791
3898 1817
2102 5974
4429 143
3008 8620
2607 7259
3332 4078
2156 2493
3907 8086
4584 747
3271 287
3117 2774
3938 4996
3991 7910
2408 6655
4303 1532
4531 4047
2871 9398
4328 3765
3709 1324
4146 9291
2118 1684
3123 7509
3331 1236
4082 4737
2612 4823
2252 5445
3990 4304
4373 4592
4671 6693
2485 9083
2613 1617
2375 5239
3264 3373
2893 5678
3156 3455
2158 1351
3841 6319
3628 4960
2086 8797
2868 9872
2103 7415
2274 6249
2715 7060
4038 4356
3107 5993
2567 7
2661 7204
2498 334
2554 8419
2312 7125
2536 276
2909 1255
4487 5532
2818 7073
4445 6154
2593 4542
2631 2845
2320 6002
3783 6136
2567 6550
4362 7367
3891 8414
4155 2968
3820 5200
4317 4034
3301 4420
2694 9753
4421 8588
2794 1327
2899 4429
3907 9781
3452 1583
3934 2172
4537 8653
4339 3751
3597 6638
4662 4208
4505 7239
3682 3560
2703 9673
3533 4763
4504 2385
3584 1127
4232 7703
4186 7890
2538 7892
2446 5623
4187 2280
4422 6787
4498 4500
3097 3369
3582 4950
2110 6053
2130 5748
2584 9539
3408 8660
3192 2877
3293 9376
2943 9244
4037 6550
2728 4531
2336 5608
3108 8951
3036 4774
4433 2405
3461 876
4026 2779
3338 1314
2293 9511
2177 6191
4613 9664
2518 520
3990 657
3137 9557
4453 1320
4065 6880
4156 4507
3743 580
2361 9957
3174 2746
3195 6413
2815 6235
4417 8688
2175 3877
3311 7252
2468 6069
3700 7428
4476 6310
3008 5889
3159 8629
3385 293
3678 3439
2678 1372
2191 5847
4330 9937
2762 2628
2677 4530
4415 7244
2613 8737
4355 1981
3072 5898
3224 7675
2401 2376
3907 4021
3037 1597
2654 1769
2203 8385
3054 9320
4418 2355
3869 9999
3980 1377
4545 1485
2311 552
4443 1352
4650 5618
4273 9332
4029 6603
4140 8010
3654 494
3477 5944
3826 4894
4651 3747
2398 8801
4419 8340
3572 1936
2897 5485
2119 7616
3824 7404
2109 4609
4360 6130
2745 6584
4227 1234
4253 1018
3726 7063
3486 2026
3413 4314
2167 8395
3924 5738
2150 451
2604 6371
4165 5746
3840 5261
2157 4873
4313 1746
4535 3582
2458 3380
4321 7827
2964 5748
3736 2652
4657 7262
3631 3099
4113 9491
3128 9396
3913 318
4038 9433
3261 7921
2181 7206
4370 4323
3815 9435
4537 86
3794 3245
4368 3223
2721 2409
4514 5943
4175 8386
4039 3106
2244 2695
2507 7134
2103 238
3697 6344
4030 7100
3978 5816
2221 8369
2424 2332
2798 8745
2272 547
3237 7219
4104 686
4480 3450
2243 3532
4494 7687
2155 3807
4155 5914
2997 3681
3252 8360
2516 182
3335 4028
2777 2189
2596 2921
3837 9247
2503 7812
3709 9716
2270 9730
3162 3738
3951 2427
3472 3604
2953 6332
3085 2759
3315 1899
3253 5354
3067 4503
3661 7164
4346 4655
4431 2217
2666 6423
2415 6288
2751 5017
2496 2340
2965 9839
3142 1546
4500 8504
3375 2116
4516 5774
2882 3354
3367 6811
4339 946
4339 9365
2203 5177
2515 3870
4593 2951
2960 230
2810 3039
2591 9617
3671 6984
3342 4593
4584 9091
3150 8240
3060 4064
3827 7494
2658 3811
3750 4443
4037 9805
3197 7570
2189 7240
4172 2461
2812 2365
3165 4456
2176 1509
3708 4099
2785 3815
2105 7574
2645 8793
2564 3869
4606 3406
3993 857
2553 7104
2692 391
2509 8519
3282 494
3232 9357
3974 7748
4107 2394
4509 2055
2662 9069
3374 4966
3084 2403
4626 6794
3082 5083
4363 567
2291 5885
3830 270
2306 4015
4694 1432
2803 8695
2337 4344
3130 1677
2844 2199
3765 1279
4289 2494
2899 6467
2609 221
4483 4994
2624 9903
2686 5097
3062 5027
4016 2651
2409 7450
3461 7562
4247 1537
4316 1074
2586 4367
3773 9314
2427 7581
2183 921
3528 7506
3371 115
3092 9313
2117 6711
3813 306
2670 1144
4598 2778
3028 7459
2380 9754
4098 6030
2226 716
3238 7683
4229 3540
4554 8474
2727 3881
2868 2743
4541 3991
3145 4361
4608 1660
2982 772
3115 8986
2793 9716
3286 1035
4237 2203
2153 4815
2847 3615
3048 3833
3405 5291
3017 1758
2752 2925
2189 4044
4114 8593
2565 7147
4583 2813
3578 7560
3692 2893
3082 3344
3115 2317
3387 3668
3877 2593
3912 4726
3690 6409
3803 1483
2330 1599
2297 2861
3478 4698
4030 4819
2612 7683
4087 3246
2642 6522
2335 4730
4453 464
3342 3196
3232 9094
2220 6807
3238 6249
3700 6604
2965 2343
2156 3923
3608 3732
4467 2381
2138 3802
3869 4575
3703 2294
4693 6880
4498 8680
3063 2603
3052 2170
2269 5209
4168 563
4242 4330
2440 6869
2546 4073
3994 1298
3819 6553
2929 9761
2259 4501
3815 9256
3903 35
3372 5381
2927 1084
2957 320
2458 240
2159 882
4279 5907
2324 4873
4589 3306
2503 9014
2830 6312
4102 9897
3785 854
3457 8754
4073 7539
4035 2271
4027 2542
2429 7604
2205 2174
3741 9298
3964 7491
2611 2433
3739 9287
3435 4682
4155 6998
3310 4582
2987 1097
2616 2981
2407 8267
2428 6433
4104 7269
2770 1205
2481 4289
3492 6949
2638 9350
2381 8245
4489 6252
3891 9327
3381 94
4064 5723
4007 6941
3069 915
2840 1494
2102 7712
3552 1295
3781 5793
2881 8042
3237 4932
3034 9875
4269 2266
2872 8832
2544 5689
4126 7362
3001 9711
4383 4691
3767 3962
2476 6982
2790 6175
2829 1134
3137 1261
2637 8050
4190 2153
3733 8289
2868 5373
2721 2805
2851 7279
2787 5480
4278 5729
3830 6316
2559 1665
2505 7617
3566 3481
2926 9198
4631 8732
3068 7748
3427 2681
3451 2581
3047 6497
3842 3651
3685 1795
4225 8059
3801 2553
4671 2364
3906 8038
3076 9246
4070 5136
2552 7487
2736 7853
4238 5630
3819 9314
2141 6961
3877 2681
2907 5992
3341 2287
3175 1101
4271 4334
3533 484
4448 4084
3040 2802
2685 3811
3332 9425
2331 1735
3183 6394
3465 2797
4635 2431
4048 1487
2251 3219
4467 7864
3852 6212
2491 8793
4637 101
4277 5592
2972 9757
4610 3143
4324 6845
3143 5655
3524 173
3455 6086
2470 3452
3757 6554
2741 8156
3443 2339
4488 3745
2739 9728
3639 6850
2258 9657
4380 6015
3751 8687
2348 2786
2557 7230
4294 3795
2641 4623
2813 4396
2479 9251
2557 5931
4540 2778
4293 4652
3901 5552
4700 5617
4683 6722
2105 5966
3352 2790
2820 5708
2942 3684
4386 5316
4690 5806
2555 2169
2138 8882
4639 1940
2488 4460
2654 9599
2395 8079
3811 6661
4213 7609
3007 3259
3211 6987
3033 9254
3531 4722
4457 8965
2449 5919
4274 6373
4604 1784
2215 8068
2287 9148
2305 3214
3122 4148
3423 4168
2605 5600
3593 2737
3434 9720
4386 8923
3044 4422
4555 1792
4152 1540
3254 998
3766 1148
3184 3400
4460 3159
2162 6835
4582 8642
3075 8473
4286 8893
2511 5743
2344 1684
4523 2721
2251 4270
3910 9512
2556 1409
3440 6061
4006 2067
3139 5120
2200 4979
3104 140
4521 2580
2247 3200
2470 3545
4490 9123
3360 6692
3558 7562
4537 4001
3706 8113
2691 8521
3233 1215
3838 6477
2927 8198
3458 5631
3292 4645
3164 8468
3274 6397
3557 8397
4629 8117
2132 3912
2107 7987
4234 1999
4542 724
2445 4185
4662 757
3405 5420
3053 3952
3038 404
2586 1278
2837 6923
3294 510
4518 4366
2783 2794
3214 753
3878 7365
4397 9172
4447 5516
3049 6714
3586 5510
3955 5799
2187 371
2156 7067
2217 2960
4161 6714
4197 9163
3259 3695
4454 2248
4127 5507
2677 4377
2747 1526
3479 6191
4265 5949
3453 1844
3121 3255
3864 731
2536 8131
3615 3700
3907 679
4685 5637
2099 5837
2454 2935
3988 1322
3580 9652
2240 4896
3440 6141
3300 597
4272 5810
4267 1604
4372 433
3193 2001
2548 9626
4255 6458
4568 984
4144 1227
4081 4695
2968 3374
4414 5765
3904 7697
3292 4518
3653 8538
3921 8448
2187 4444
3867 4694
2986 1898
4282 7973
4478 9866
3827 3097
2554 2256
4431 3670
3567 5975
4506 4217
3402 6781
3650 4808
2210 5322
2254 6182
3524 9972
2360 6601
3284 5616
4371 7375
3523 4112
3667 7057
4244 3838
3416 7514
2524 5804
2616 2060
4628 3070
2401 6611
4225 6066
4585 6144
2732 5590
4642 998
4135 4169
2444 271
4218 6935
3410 385
4126 5547
2320 2381
4592 9304
2834 1904
3324 4374
4165 2155
2161 2161
4457 7131
3657 755
2645 5645
3694 1851
4696 7612
2670 1299
3582 5215
3871 3377
4384 7484
3191 9789
2377 2784
2195 4255
2655 9797
3008 8702
3964 4392
4319 5342
4472 8537
3001 3254
2820 3118
3800 532
4000 6096
3767 841
3253 7889
3626 3409
3012 5986
4380 896
2764 8523
3570 6673
2701 9864
2210 8500
3978 6153
3469 2194
2839 9643
4511 6849
2214 7006
3372 8719
2338 9530
3191 5293
2352 495
3484 6211
3575 9503
4275 4489
3310 8848
2878 7869
3390 712
2737 4132
3482 7482
2654 1426
3558 9583
2271 5730
3320 972
4072 1042
2314 4956
4294 2150
4347 7045
3278 5031
4020 6002
2453 9339
2566 7018
3678 9295
4603 4552
2682 7636
2395 597
3019 2287
3350 6952
3412 9957
3564 574
4684 493
3118 7357
2524 1422
3913 9795
3949 3422
2285 8294
2940 9748
4403 8733
3298 6628
3223 0
3814 5741
3021 7836
4649 4778
4242 2440
2786 7505
3654 2919
4188 4245
3481 7644
3441 7845
4535 6167
3332 2506
4276 7476
4048 5724
3239 2763
3238 7364
3166 287
2304 7699
2164 9779
2110 6209
2402 3920
3583 6389
2210 4078
4305 4452
3397 2439
2548 2388
3551 2539
4376 278
2222 3087
4470 3697
3405 4938
4116 9011
4026 7232
3176 9633
3272 726
3530 1567
4302 429
3816 4365
2820 2627
2469 1997
2665 3203
2529 1449
3195 9914
4106 9744
2807 6618
2112 2940
3263 4358
2305 4456
3383 8631
3570 8886
4242 4566
4601 3309
4482 7680
3460 1120
3973 4347
4533 1318
2687 3781
4442 9852
2867 519
3963 4826
4432 3468
4298 8061
2095 4357
3612 5674
2824 8166
2337 3536
3619 4725
2257 8883
4427 3561
3516 5822
4262 181
2548 4017
3793 8343
3091 2223
2700 9751
3603 6328
2837 7652
2837 9572
2907 4267
4313 6381
3970 5354
3730 1165
2993 5676
4503 675
2614 1418
3751 4429
3234 9504
4573 9310
2225 5154
2530 4344
2488 481
4114 4147
2678 6738
3916 313
2418 9361
3971 792
2614 6399
2174 8306
4651 8446
4362 1701
2612 6656
2220 6956
2898 587
4463 4494
2321 8751
4536 5323
2422 138
4052 9641
2228 5124
2971 4715
3367 8605
4266 8489
2729 3628
2472 8175
4408 2779
4011 2839
4081 6311
3426 9625
2781 8745
2653 5296
3794 7935
4536 4708
3957 7031
4308 1418
2377 7536
4578 3263
2777 8799
2968 8655
4029 156
2791 6372
3677 8162
2828 6023
3401 2848
4123 2326
4071 8132
2625 3286
3740 1503
4143 8101
4114 5468
3951 9945
3843 6865
2413 5943
2848 6096
2382 2418
3024 7289
3378 9014
3898 5595
2103 1246
3044 2575
3897 3371
4070 4616
2585 9276
2411 6137
3550 1590
3396 6639
2272 3728
2105 9670
2988 7432
3160 7804
4172 1857
2861 1176
2467 2598
3090 2141
2875 8443
4137 5909
2276 1304
3742 8910
2589 895
3744 4442
3210 4720
2159 5472
2533 5943
2841 640
4361 1865
2840 5283
3619 9024
2564 4197
2345 3416
2084 98
2681 7947
3472 9886
2103 8423
4287 3696
2742 8192
2831 3250
4512 4725
3135 5691
3237 6557
3401 4187
3800 4357
2085 1863
4110 8551
4563 7298
3603 6935
4650 545
2346 7254
3323 6761
2331 7453
2396 4982
3686 7693
3711 5182
2998 8270
4373 4069
3926 9211
4383 2806
2615 3607
3190 9307
3740 7728
4572 2229
3944 9122
4120 5402
2901 2918
3127 1190
3264 5102
2461 537
4686 4062
3578 388
3369 8941
2616 1242
4375 5398
4329 2484
2479 4559
3873 9816
4560 9566
3459 7465
3383 7218
2585 2420
3590 2269
3262 6910
3361 4249
4189 9997
2501 8709
2471 5510
3162 2308
3673 1668
3748 5301
2978 2755
3085 7172
2601 6395
2713 9144
3757 9438
3487 9810
3310 9728
4413 9445
3467 4530
2479 5194
2733 8867
2088 3491
3019 9428
2632 1084
4364 5193
3684 8418
3050 4622
4390 4038
3994 3
2116 6405
2909 7807
3606 7565
4074 5250
2254 7494
2441 4993
4048 3603
4251 1283
2369 69
2332 1930
2234 3713
3443 7992
4443 2902
2384 5508
3784 6807
4471 7654
2430 2207
2832 206
3462 4647
2841 5610
2525 5821
3731 3718
3353 8387
2688 1849
2567 512
4355 2478
2882 2058
4144 1120
2675 102
2112 499
3950 3090
2188 3606
2264 5766
3147 5895
2630 8177
4118 5089
3223 5816
4361 5743
3668 6859
4156 873
2702 7425
3971 4688
4199 4968
2712 5281
3087 1830
4562 4636
2342 4576
4674 5804
3564 6746
3728 9690
2917 1898
4683 5022
3457 2249
4600 7954
4578 4297
4184 2942
2771 1634
4376 6899
3804 3231
2299 4928
3304 7012
2757 8124
4196 8923
2671 6387
2289 4222
2799 3731
3842 5811
3678 8659
3703 523
2695 867
4168 3205
3083 8550
2486 231
3420 2211
3319 5651
4451 9167
2820 3739
2702 2789
4510 7281
3551 9005
4222 5634
2273 1797
4168 2749
3846 619
4658 794
2498 5022
2541 6526
4658 2803
2393 5311
3991 7042
3162 3889
3089 7516
3081 3792
3411 2481
2196 7720
4640 8908
3327 9727
4574 6241
3566 1266
3689 8785
2695 158
2637 2637
2408 4605
3780 6212
3216 7121
2489 8291
3834 6011
3510 5930
3469 4572
2588 1321
2581 257
2620 656
4506 139
2611 2105
2648 3014
2312 5331
3825 1079
2874 1867
2377 1755
3211 8629
4019 2473
2636 2966
2212 3356
3318 4319
2247 8213
2320 4361
2172 6204
3448 2385
3231 2158
3068 5065
2416 8195
3669 6055
2806 6761
4192 695
2993 9976
3595 6227
2751 7084
3679 5800
2220 8513
2434 8485
2694 3008
4320 5678
4471 7196
3805 2200
4303 7220
4487 2768
2948 6953
2473 1624
3881 9920
3395 5212
3329 1398
2722 4062
2948 6858
3836 8612
3498 7495
4508 3772
2945 2555
2545 8135
3588 8426
2689 8524
4431 5027
3173 6178
3424 1197
2890 3715
3618 380
4700 7674
3460 2741
4535 1325
4431 7870
3276 5804
4668 6156
3996 6216
2342 7100
2406 3680
3399 8397
2259 1013
4323 1728
4084 7094
4104 7152
3529 8652
2573 8170
3642 8922
2144 1324
4566 397
4459 4523
2757 3525
4441 809
3839 9327
2773 1885
4221 8088
2886 5725
3334 5374
2175 3890
2237 3626
4489 8815
4101 6060
3522 1313
3926 622
3639 6755
3630 9419
3036 6126
3658 4402
4684 7586
2891 4053
4681 7570
4481 2061
3287 6866
2600 3669
3593 3562
4070 6016
3772 4156
4210 6427
2598 7546
3129 9339
2866 8004
3104 7934
3009 7290
2517 6848
3786 7245
2435 1133
4189 1563
4135 1965
3585 6688
2421 81
3955 3415
4647 4525
3310 4516
2222 5430
2305 9338
2917 5595
3569 2140
4031 5866
3317 7109
3857 3582
2171 1783
3851 895
2961 855
3538 3987
3097 7022
3925 1909
3504 4063
4266 4947
4089 3041
3166 9169
3333 715
2247 1780
2247 2991
3861 4567
3477 7234
4286 4422
3068 8345
4521 8857
4187 5047
3463 2286
2099 5952
4348 6209
4146 4032
2766 4625
2404 8928
4084 9280
2243 3000
3269 39
3501 7597
2917 7072
4175 3395
2297 9298
2951 637
3336 5471
2123 6017
3281 9055
3344 2517
2273 2919
3511 443
3180 8549
4530 1160
3077 2364
3589 5888
3652 4286
3194 4735
4168 250
2453 8812
3430 4339
3458 734
3932 2999
4511 3204
4477 6768
3997 1700
2547 945
3908 7207
3860 5445
3336 6513
2199 1937
4397 5067
3354 5211
2378 5588
3473 7405
4174 5326
3047 8696
3892 338
3819 6651
2871 1106
3492 3737
3067 1173
2524 7116
4519 5229
2741 7212
4528 3154
2144 4788
4118 1085
3858 6509
2930 1871
3819 9760
2784 6073
2226 4089
3740 3216
3092 7206
2383 9855
4340 615
4481 2497
3698 8904
3337 9634
4658 1438
3910 7993
4581 3475
4075 7087
2842 1139
2812 875
3737 8549
3992 47
3260 9354
2391 4019
2578 7390
2303 6228
3674 8823
3991 8871
3533 5394
4682 1041
3694 7273
2636 5099
4493 5759
3451 9815
4111 720
2970 1571
2545 3304
4323 2684
4242 1653
2946 1528
4031 5960
3617 9799
2815 1976
2494 6402
2881 7359
2749 2640
2757 8471
2748 7580
2331 8100
3876 1920
4671 1864
2776 8983
2088 8428
3610 5415
3223 7852
3429 8909
4557 3438
3932 6169
4373 6189
3912 8007
3563 6126
4359 3458
3644 2659
2613 4511
4602 5620
2452 823
2690 3760
3517 387
2451 3331
2200 6537
2417 1251
4206 4923
2827 9021
4623 6277
2812 6918
4326 4844
2704 4552
2836 6231
4010 1957
2963 6331
4508 3388
4213 2927
4013 2888
2814 1805
3057 9274
3451 9995
3219 673
2482 2105
3077 655
3242 7698
3604 5299
2152 2893
3781 3126
2610 6341
4449 9788
3154 2663
3396 6806
2542 3686
2300 4657
2969 912
4670 1593
2627 889
2613 8100
3735 6529
3494 5736
4242 2938
3138 870
2684 9258
2364 6641
3534 4743
2765 1239
2619 8258
3759 9020
4050 3246
2664 2719
4448 9980
4372 9770
4628 3712
3945 4943
3556 1255
3534 2849
3170 7498
2428 8150
2414 8114
2105 8166
2704 1640
3873 4405
2887 9577
2306 7167
4012 7968
3350 7235
2753 4575
2593 8392
2895 733
2584 1056
4330 398
2591 6492
3518 9202
3291 4742
3157 4875
2653 9956
3747 5016
3440 3491
4304 6092
3024 7630
2544 1053
4108 7882
3709 2318
3782 1648
2725 9639
4056 9310
3534 1983
2563 1432
4576 7351
2818 489
2937 1125
3169 8935
3316 6098
4228 1245
3821 3101
3332 1278
2748 2949
3214 1107
3653 9379
3934 8694
4702 3152
3324 9511
2803 8325
4074 5139
2147 647
2098 1262
2686 6046
4286 7653
3238 1918
2222 8672
3611 2244
3154 1283
3694 5775
3127 5790
2191 3142
3526 9312
3737 6524
4281 355
2663 5811
2423 3046
3389 4635
4657 7738
3737 7777
2202 9717
3063 3049
3894 4282
3975 2610
2109 3861
2763 7595
4403 3614
4688 8435
2740 4514
2358 8102
3363 9067
2715 396
2897 9585
2619 3208
3128 7370
2997 1774
2534 166
3143 5577
3346 9579
4647 1287
3731 5869
2706 4982
3139 9964
3530 885
2783 5730
2129 4880
3482 7381
2655 9632
3729 6487
4509 5283
3247 9761
4602 5285
2316 7641
3237 7464
2786 9942
3384 1234
3473 4337
3416 4261
2631 8491
4419 3241
4539 6779
2968 4107
3485 1788
2330 6497
4339 4465
3988 169
2949 4926
2686 7246
3719 929
3943 3332
2789 252
3247 8040
3799 5663
4216 1673
2326 2133
4137 4346
3124 4419
3932 272
3357 7730
2263 75
4302 2057
4477 9552
2609 7286
3679 3541
4043 4903
3166 5545
3786 9538
2295 7312
3224 8360
2195 4716
2911 157
3782 6411
3637 4745
2377 9486
3022 3339
4610 5062
3035 1919
2901 9683
3283 8148
4141 5999
4424 6796
3090 9217
2225 5449
2426 554
2148 8671
3257 3508
3466 4519
2123 2396
3854 2469
2627 3884
2317 9683
3612 9937
2372 3612
4189 4854
3348 1953
2488 4489
3393 8416
3888 3886
3696 8557
2115 6637
3486 2489
3749 7963
4372 3418
4505 6680
4617 7583
3050 5029
4249 8987
2320 833
3357 3718
4169 2093
3704 5118
4193 9324
2110 4824
3533 7748
4272 6703
2771 6700
4210 8482
4298 2558
2258 4267
2664 8399
2803 7767
3836 6640
2558 4617
2383 1506
2942 9669
2862 4337
2646 3675
3181 5960
3517 7330
3539 1491
4509 3944
3654 6774
2663 9069
3086 6980
2223 7534
2440 2528
3340 6701
2630 4780
4679 7133
4138 9810
2119 231
3571 1647
3066 1991
4380 1799
4045 9965
4179 2432
2205 2750
3369 9053
3123 4937
3764 4526
2615 6134
2733 1181
3739 2226
2960 8507
2145 2572
3476 495
2331 5512
2249 576
4190 1854
3999 142
2515 330
2196 515
3007 2130
3246 4363
4553 6871
2413 2414
4663 3385
2752 5943
4354 4832
2869 3893
3721 2597
4527 1887
3244 2400
3721 2869
4533 5307
2696 6626
2594 3354
3680 7280
2235 3333
4479 8830
2726 5447
3728 8094
3397 5422
2485 3060
4176 6673
2804 3030
3509 3290
4275 5743
3486 9224
3551 5035
2889 1289
3201 8601
3363 3836
2245 2517
2569 9407
4224 2020
4483 7485
2641 4806
3052 1398
4330 7779
2700 5561
2229 3032
2768 9957
2124 5680
2814 5256
3708 8254
3261 1845
3056 6063
4391 5468
3496 8596
2124 1174
2429 1235
4600 1534
2672 4004
4308 5277
2686 932
3444 1536
2933 5899
3160 1499
3443 4292
3469 1913
4237 1335
3845 8780
4668 9474
2246 6200
4014 4589
3492 8339
4466 1693
4530 3948
3310 9865
2298 7425
2644 3863
4606 7177
3309 1471
4294 805
4628 3611
4343 5867
4627 8825
2801 6496
3045 8270
4501 643
4547 7832
3209 373
3535 3408
2657 4957
2729 9176
3911 2783
4599 9323
2711 5699
4697 1334
4349 8020
3987 2048
4231 3066
3448 6314
3539 5624
3559 3093
3404 8494
3502 851
3894 114
3306 3305
3092 7658
2699 1158
2434 7152
2229 9135
4108 2367
2340 3717
3330 4247
3551 8616
4551 9125
2604 5286
4262 8988
3903 9242
3221 8162
3873 3804
2287 8615
4500 8716
3461 7425
4416 9361
3139 9369
3221 3161
3541 2949
4548 9170
3212 7883
2898 4257
4121 1097
3242 5069
4609 1025
4614 5199
2599 8661
4205 6050
4162 4888
4542 6980
4548 2503
3450 5185
3072 809
2807 1773
3166 8737
3871 6783
4028 7780
2220 1549
2467 312
3570 1142
3064 9108
4380 8487
4535 790
3174 7402
4432 9966
4354 2664
2460 4003
4279 5539
4558 3031
3327 3590
3434 6066
2616 5449
2905 8204
4485 9937
3410 2951
4449 5239
2591 3151
3652 6163
3321 7902
3521 1381
4163 7924
2668 3531
3015 475
3660 3335
3482 5958
2241 4564
4563 533
2380 5481
4696 8081
2532 5675
4484 3921
3592 7091
3113 8193
4477 2932
4223 3899
4384 7186
2877 7114
3142 5835
2583 5565
4277 9236
3743 6543
2833 2174
4530 201
2539 8644
3850 9064
3330 5935
4326 3354
3965 8576
3752 7601
2723 954
4154 5940
3106 3702
3643 1691
3726 8873
2085 5625
3545 241
3918 2176
4548 9871
2208 7261
2138 3548
2846 8533
2174 1758
3355 7926
2438 8493
3699 9765
3876 9965
2365 8819
3214 7562
3193 6974
3074 3547
4591 5655
3754 1941
2806 1343
4308 6233
3793 1479
2150 7367
4113 9577
3013 180
3807 7051
4031 9456
4692 1214
3979 183
3424 6647
4139 7632
2447 7770
3912 6286
2698 4225
3263 783
2994 5310
4076 4096
3246 231
3653 536
2410 4658
4430 8165
2666 4301
4582 6722
4025 5706
4353 4426
3568 922
3409 212
4531 2409
3843 7503
4647 1480
4043 6475
3544 9390
3270 9623
4570 1680
3408 6082
3266 161
3794 977
2621 7575
3745 1767
4302 3483
4564 5419
3889 6401
2993 7737
4458 579
2291 3058
4090 6479
4259 6380
3365 1546
4254 9121
4227 6986
4451 3957
3704 6865
2594 4529
4646 5533
2397 8128
4632 2409
4323 7295
4181 418
3611 7502
3803 1743
2433 5489
4472 6606
4462 6711
2700 4842
3637 5748
4247 478
3814 4110
4619 2301
2623 2728
2788 1581
2657 9784
2560 2408
2758 803
3830 8233
3447 3400
4283 8530
3005 7459
4621 8329
4005 2411
3977 5688
4479 7602
3465 487
2356 242
3788 8935
4347 2808
4675 899
3192 9276
4108 7598
3784 2877
2891 3770
2708 7535
3429 1769
3131 8507
3408 4663
3446 373
2654 2942
2142 3433
2208 5324
3396 7651
3161 2037
2236 7932
3452 1747
2710 5916
3047 2123
2528 8527
2386 33
3842 2283
2296 327
4201 6294
2642 8064
4346 5287
3057 8407
2771 1277
4001 8138
3095 7980
4527 8053
3776 4524
3336 7120
3775 2043
2216 3255
2131 4061
2609 6007
2342 2513
2470 2034
3818 2812
2206 9359
4252 653
3384 4474
4315 4687
3887 2492
4666 3386
3045 1476
2428 5004
3936 6276
2182 4774
2114 4359
2317 8003
4033 8811
3493 7010
4369 5777
3688 2406
3489 3609
4507 4442
2646 2706
4056 5239
2870 5854
4038 8454
4225 3345
3184 8731
2369 8736
3529 8160
2621 8349
2839 5609
4688 4457
3643 4904
4552 5149
3561 7586
4219 4213
2427 2275
4693 4881
4150 667
4012 938
2475 3204
2097 6954
4008 651
3553 9269
4112 5881
3414 1408
3050 4919
3729 9557
2645 9264
4652 1217
2885 7221
4313 3885
4404 3491
2319 3206
3575 3440
4555 1182
2868 2818
2526 1315
3364 2313
3968 3913
2567 2285
4096 4519
3552 2479
2742 6436
2262 2790
3220 3278
4240 1908
4534 6557
2148 3818
4676 821
4508 6396
2241 9715
4372 5986
2269 6309
3622 1847
4616 7972
3889 8998
2438 8300
2185 4738
4390 2976
4426 2982
3460 774
2299 7492
4382 8829
2219 4300
2593 320
3348 5877
4546 5228
3615 163
2445 322
3875 2956
3500 9244
3722 8285
3813 8727
4327 3628
4597 8929
4446 3648
4149 597
4638 5451
3486 5639
4282 4562
3059 9435
4266 6676
4562 6782
4338 4007
4221 4848
4324 3495
2550 4063
4318 1667
2713 8078
4335 6883
4293 4091
3048 8465
3326 573
4622 2754
2637 3148
2192 4204
2479 9671
2479 4145
2968 6220
3784 9503
2668 1548
2813 9862
4200 7043
2101 5335
2127 6213
4321 1335
3481 1010
3880 7383
4150 8366
3205 7717
4014 4175
3974 1826
3871 8580
4620 9758
3893 7486
4368 4988
3707 9713
3929 9792
2174 5814
4601 8697
4053 9572
2252 8042
4125 370
4688 8674
2785 4688
3563 3811
4225 2764
4611 6608
2628 7081
3654 4420
2440 7767
3316 3052
4000 7288
2627 614
4285 606
3334 8147
3557 5525
4059 6269
2367 8736
3054 8537
3392 2512
4231 821
2366 6327
3548 91
3086 7079
2276 6776
4104 366
4242 2769
4067 5793
4592 4679
3509 4392
3244 6014
3425 5017
2414 8983
2202 3544
2378 4101
2640 1742
3781 519
4324 8188
4600 178
3423 9912
4203 4250
4374 7803
2795 6234
3642 6620
3027 7184
3066 5450
4264 5065
3271 4932
4600 5715
3601 1523
3664 9732
4117 1080
3981 3333
4252 680
3460 3402
2096 1511
2599 7793
2869 2951
3389 5390
2810 1993
4180 6386
3934 4175
4539 762
4698 2751
4408 5607
2972 4117
3238 1966
4549 6873
4414 6630
3184 3618
3640 7879
4703 1051
2682 4623
2186 1710
3586 5107
3791 8601
3700 9693
3664 8806
2208 2582
4344 2020
3750 7096
3001 6648
4118 6171
3719 5835
4046 6526
4362 9808
4589 1191
2923 1702
2523 5519
3943 300
4598 4555
3057 8684
2828 5255
3406 3022
4670 7005
2633 6521
2273 4315
4635 2001
2433 7115
3089 6786
3907 3789
2953 7673
3301 5281
2274 9513
3604 8751
3007 9672
4421 9768
3780 5175
4081 1031
3153 7008
3528 932
3211 9465
3117 9373
2373 1934
4155 2029
3448 1387
3927 1239
2294 1379
4206 5199
3939 2050
4671 3430
4054 4589
4389 2653
3786 110
2952 5579
3765 7302
3708 5162
4262 1778
2267 1822
4415 7529
4167 1095
4313 2325
4402 3077
3721 7644
2130 9485
3099 2750
2983 5318
4006 1013
3681 2005
3721 7617
4170 2100
3789 4324
2762 8523
4403 1036
2565 4811
3605 7180
3886 7793
4275 3469
2327 9164
4379 7338
4624 4476
2258 7241
4148 1682
4117 1299
2262 8905
4592 4705
3229 1695
2280 7764
2701 3028
4415 6343
4097 2351
3020 8192
2623 861
3938 9824
3536 1768
4083 8920
3389 3297
3312 3687
4560 1466
4584 1914
3933 6879
3134 2550
3452 7631
2361 8358
2438 3291
3788 1442
3734 6095
4248 5861
4287 4600
2640 89
4557 1783
2299 2443
3908 8223
2945 9477
2584 2601
3703 711
2861 6904
2666 5657
4502 5392
3739 4205
3952 9804
2291 9265
3640 6455
3101 8294
3670 9803
4689 3400
3754 7212
3198 2966
2917 2624
2171 4708
2701 5989
2894 6131
2346 3037
3659 7052
3666 3270
3538 3743
3088 348
2296 1601
2569 3502
4056 8905
3648 9180
2273 1092
4380 2313
2255 6763
3541 6766
3280 4293
3418 9598
4355 9376
2714 9996
2724 6648
3669 3052
2366 6272
2320 9955
3384 4257
3057 3725
3390 2566
2267 4949
4120 3363
2801 1378
3901 3260
4421 4055
4496 7812
2906 8511
4241 8288
4516 2709
4061 9024
4404 2522
2551 4695
4377 9897
2680 1819
2511 4234
2865 9498
2606 3988
3336 8180
2835 6770
4368 7528
3282 2902
4607 5635
3968 5038
3317 2486
4565 6395
2988 226
2425 3850
3177 455
2392 6912
3957 9367
3182 6365
4547 8390
2726 5910
4265 7825
3401 4142
4188 2583
4081 1724
2811 9680
3349 8054
2087 9228
2681 9707
3228 9482
3144 6719
3685 5864
3819 5011
3763 2281
3813 3553
3812 3585
3674 5782
3632 8649
4409 7096
4183 9500
4575 9007
4609 2201
2443 705
2661 6684
3648 8298
4689 3837
4389 6505
3611 1952
3960 6592
2656 9669
3007 7747
4380 4396
4700 5341
3194 5716
3906 1700
3162 733
2753 1192
4560 5771
4551 2166
4696 2451
3687 6849
2607 6502
3729 1449
3199 5496
2301 32
3220 7106
4677 7492
2170 9554
3424 6060
3802 6107
2449 1313
2587 4512
2761 4487
2818 5177
3010 916
2641 9327
3308 1714
3133 5150
3902 2380
2928 3518
3351 5358
3650 855
2546 8677
3397 7087
4084 9666
2803 3654
4467 8954
2450 9488
3873 1267
4444 5915
3211 6423
2660 8608
2586 1573
3494 3929
3631 3719
2404 9834
2173 8097
2284 8065
3718 5099
3146 4462
2358 5061
3981 3556
3276 7593
3069 6798
3904 5440
3159 6899
3340 850
3034 7905
2104 6626
3812 2903
4692 6475
3138 1059
2819 7202
4175 1766
3026 4814
4109 6764
3276 8855
2123 4742
2604 6761
2322 6049
3335 7157
2929 7499
2942 683
3836 5222
2321 2621
2093 2473
2740 2683
3826 4085
4400 2154
4187 6663
3938 354
3727 5166
2430 9623
3391 9044
3168 5516
3935 8835
2491 3906
2642 5915
4688 8148
3801 4730
2479 8533
2968 1979
2686 7191
3167 8420
2553 8131
2309 6433
3352 6516
2389 3824
4055 4080
2676 9208
2609 1935
4425 6527
4512 1308
2703 2893
2858 8281
2144 2718
3501 6585
4449 5452
2185 2547
2632 8268
3175 7728
2846 2212
3676 754
2185 40
4171 9744
2352 815
4205 92
2320 6583
2195 6208
2558 2784
3550 8930
2279 6955
3864 9163
2154 2947
2573 3856
4040 8236
2737 9976
3859 8935
2120 6616
4696 5838
4284 5574
2352 9133
4419 34
3296 5586
2514 8233
2782 6603
4559 5199
3150 2045
4449 166
4153 1018
3840 7733
3337 3478
3118 6918
3829 7926
4584 8951
4470 1631
2217 3498
3313 1330
4643 3338
3246 9729
4682 6139
4323 1610
2693 4266
3199 9028
2248 3125
2388 6175
3636 1994
4291 6457
2678 9765
3829 1851
3912 6676
4296 2203
2432 5121
3932 3667
4322 3661
4096 5611
4647 799
3512 5365
3002 9712
2660 47
2922 3785
3873 7162
3221 8554
2415 5614
4561 6742
3951 2982
4152 1749
2810 483
2189 3937
4108 7049
3575 7055
3098 1770
2313 5535
4637 5745
3548 8071
3919 4858
3751 7707
2089 4605
3982 6714
2573 517
3888 1311
2413 3267
4328 7723
3930 1676
3579 2308
2220 4733
3290 2915
2342 5256
2643 9328
2886 6971
2775 1593
4541 3909
2641 5973
2247 6847
3490 2379
4018 936
2996 6568
4561 7081
3299 4761
2291 3694
2582 7781
3692 8557
2718 7910
3978 4917
4484 9714
4224 443
3014 6152
2581 9325
2857 7588
2597 7793
3781 4296
3897 7596
2202 1969
4005 6614
2590 7961
4309 2505
4025 2993
2332 182
3845 2516
2587 3094
4702 969
3302 1680
2305 7383
2704 7981
3543 8548
2269 275
2280 7883
2800 5477
4665 9971
4238 5793
2797 5547
3801 5294
2290 9889
2141 2905
3581 1791
2248 6276
4008 2486
2526 9043
4599 8215
3121 5453
4489 2593
2431 8773
4232 2850
2843 9652
3767 1180
4158 2710
3593 1873
3626 519
2532 6407
2960 3563
4330 1896
3565 3764
3736 1690
4220 7195
2381 1537
3474 3366
4203 5505
3803 5431
4399 9956
3620 5918
3091 3975
3919 9582
3546 6988
2984 712
2772 4107
3797 3453
4131 9727
2876 3491
4405 9818
3963 4197
2264 2733
2401 9180
2527 1061
3047 5778
2645 8733
4489 8560
3009 7233
4170 6949
4244 2248
3431 9596
3604 5243
2696 519
3142 7632
3161 8503
3981 6788
3945 5895
2851 5176
4420 3731
2168 15
3074 7152
4113 3766
4285 662
2879 6481
3470 2444
4338 8576
4306 2691
4530 7527
3765 2176
3837 5851
3375 9096
3926 9584
4499 6929
2097 2422
3669 8282
3834 6974
3303 3812
4109 8040
3773 7712
2130 3191
4079 130
3953 6175
3720 2947
3477 309
4167 4970
2719 3653
3750 9356
3573 8215
4624 8102
3987 7994
2544 9680
3905 5150
3644 2534
2137 7598
4440 4383
3972 3584
4696 2482
2185 9334
2666 8260
2577 7627
2698 1286
2950 7367
4350 5280
2483 8776
3697 2560
3804 4284
2663 4014
3127 5252
2094 9939
4485 53
2500 2121
2495 3714
2405 8440
4239 7670
4305 497
2609 4377
4319 8981
3940 5540
4180 3657
2364 4003
2312 6865
2603 6105
3442 796
3549 4208
3729 9124
3504 3912
2193 9691
4428 8729
4472 5609
3029 3342
4444 5291
3124 9402
4168 3965
2160 1896
3573 927
4436 8209
4557 4157
2682 4402
3709 888
4357 9275
3411 6512
4005 3957
3261 6189
2276 2790
2387 5766
3908 4408
2225 7166
4411 3090
3214 3978
4310 5993
2887 5819
2226 8560
2941 5860
2456 1203
4354 5509
2125 7571
3271 2066
4566 5195
3529 959
3043 1602
3685 4646
4032 4968
4286 7409
4442 9942
2662 7616
4584 2792
3551 1650
2355 4997
2716 6185
4295 1448
2174 766
2119 236
2162 1034
2989 1833
4010 5118
3495 3747
3651 4705
4192 6832
2340 5857
4552 3479
2104 1997
4546 9168
3568 7006
4014 2758
4329 9084
4153 161
4117 2502
2481 7729
3954 7756
2165 6767
2329 878
3759 957
4048 4559
2600 8399
3570 7482
4421 8145
3178 2098
3239 539
2926 6747
